1,103AIRP-400x250,A-0001,100057,㈱トヨコン
2,103BED1,A-0002,100057,㈱トヨコン
3,103BED2,A-0003,100057,㈱トヨコン
4,103BED3,A-0004,100057,㈱トヨコン
5,103BED4,A-0005,100057,㈱トヨコン
6,103CE-311,A-0006,100057,㈱トヨコン
7,103CE-315,A-0007,100057,㈱トヨコン
8,103CE-720,A-0008,100057,㈱トヨコン
9,103CE-880,A-0009,100057,㈱トヨコン
10,103CE-881,A-0010,100057,㈱トヨコン
11,103CE-883,A-0011,100057,㈱トヨコン
12,103CE-885,A-0012,100057,㈱トヨコン
13,103CE221,A-0013,100057,㈱トヨコン
14,103CE223,A-0014,100057,㈱トヨコン
15,103CE225,A-0015,100057,㈱トヨコン
16,103CN-W922,A-0016,100057,㈱トヨコン
17,103D330-01,A-0017,100057,㈱トヨコン
18,103D795-95/EPS1,A-0018,100057,㈱トヨコン
19,103D795-95/EPS2,A-0019,100057,㈱トヨコン
20,103D795-95/EPS3,A-0020,100057,㈱トヨコン
21,103D795-95/SANTEC1,A-0021,100057,㈱トヨコン
22,103D795-95/SANTEC2,A-0022,100057,㈱トヨコン
23,103D795-95F,A-0023,100057,㈱トヨコン
24,103D795-95T,A-0024,100057,㈱トヨコン
25,103EL030-03,A-0025,100057,㈱トヨコン
26,103EL030-03ｱｼ,A-0026,100057,㈱トヨコン
27,103EL030-04,A-0027,100057,㈱トヨコン
28,103EL030-04ｱｼ,A-0028,100057,㈱トヨコン
29,103EL030-06/07,A-0029,100057,㈱トヨコン
30,103EL030-06/07ｱｼ,A-0030,100057,㈱トヨコン
31,103EL030-08/09,A-0031,100057,㈱トヨコン
32,103EL030-08/09ｱｼ,A-0032,100057,㈱トヨコン
33,103EL030-08L/09L,A-0033,100057,㈱トヨコン
34,103EL030-17L,A-0034,100057,㈱トヨコン
35,103EL030-17S,A-0035,100057,㈱トヨコン
36,103EL030-40,A-0036,100057,㈱トヨコン
37,103EL030-40ｱｼ,A-0037,100057,㈱トヨコン
38,103EL030-49/50,A-0038,100057,㈱トヨコン
39,103EL030-49/50ｱｼ,A-0039,100057,㈱トヨコン
40,103ELT001-1010,A-0040,100057,㈱トヨコン
41,103ELT001-11055,A-0041,100057,㈱トヨコン
42,103ELT001-8080,A-0042,100057,㈱トヨコン
43,103EQ-1,A-0043,100057,㈱トヨコン
44,103EQ-2,A-0044,100057,㈱トヨコン
45,103EQ-3,A-0045,100057,㈱トヨコン
46,103EQ-4,A-0046,100057,㈱トヨコン
47,103F756-08/09,A-0047,100057,㈱トヨコン
48,103F756-20,A-0048,100057,㈱トヨコン
49,103H011-55,A-0049,100057,㈱トヨコン
50,103H287-25,A-0050,100057,㈱トヨコン
51,103H287-60,A-0051,100057,㈱トヨコン
52,103HD001-35/37,A-0052,100057,㈱トヨコン
53,103L480-CB,A-0053,100057,㈱トヨコン
54,103M-10,A-0054,100057,㈱トヨコン
55,103M-14,A-0055,100057,㈱トヨコン
56,103M-5,A-0056,100057,㈱トヨコン
57,103M-7,A-0057,100057,㈱トヨコン
58,103M3-30K,A-0058,100057,㈱トヨコン
59,103MPL-A,A-0059,100057,㈱トヨコン
60,103MPL-B,A-0060,100057,㈱トヨコン
61,103N264-F,A-0061,100057,㈱トヨコン
62,103N338-118/119,A-0062,100057,㈱トヨコン
63,103N338-HOGOZAI,A-0063,100057,㈱トヨコン
64,103N338ｽﾍﾟｰｻｰ,A-0064,100057,㈱トヨコン
65,103N528-17,A-0065,100057,㈱トヨコン
66,103N601-10,A-0066,100057,㈱トヨコン
67,103N666-118B/119B,A-0067,100057,㈱トヨコン
68,103N666-93,A-0068,100057,㈱トヨコン
69,103NO.1,A-0069,100057,㈱トヨコン
70,103NO.10,A-0070,100057,㈱トヨコン
71,103NO.12,A-0071,100057,㈱トヨコン
72,103NO.120,A-0072,100057,㈱トヨコン
73,103NO.121,A-0073,100057,㈱トヨコン
74,103NO.122,A-0074,100057,㈱トヨコン
75,103NO.131,A-0075,100057,㈱トヨコン
76,103NO.134,A-0076,100057,㈱トヨコン
77,103NO.135,A-0077,100057,㈱トヨコン
78,103NO.142,A-0078,100057,㈱トヨコン
79,103NO.145,A-0079,100057,㈱トヨコン
80,103NO.145/146ｽﾍﾟｰｻｰ,A-0080,100057,㈱トヨコン
81,103NO.146,A-0081,100057,㈱トヨコン
82,103NO.147,A-0082,100057,㈱トヨコン
83,103NO.148,A-0083,100057,㈱トヨコン
84,103NO.149,A-0084,100057,㈱トヨコン
85,103NO.150,A-0085,100057,㈱トヨコン
86,103NO.151,A-0086,100057,㈱トヨコン
87,103NO.152,A-0087,100057,㈱トヨコン
88,103NO.154,A-0088,100057,㈱トヨコン
89,103NO.155,A-0089,100057,㈱トヨコン
90,103NO.156,A-0090,100057,㈱トヨコン
91,103NO.157,A-0091,100057,㈱トヨコン
92,103NO.158,A-0092,100057,㈱トヨコン
93,103NO.16,A-0093,100057,㈱トヨコン
94,103NO.161-D,A-0094,100057,㈱トヨコン
95,103NO.2,A-0095,100057,㈱トヨコン
96,103NO.36A,A-0096,100057,㈱トヨコン
97,103NO.41,A-0097,100057,㈱トヨコン
98,103NO.47,A-0098,100057,㈱トヨコン
99,103NO.55,A-0099,100057,㈱トヨコン
100,103NO.56,A-0100,100057,㈱トヨコン
101,103NO.7,A-0101,100057,㈱トヨコン
102,103NO.8,A-0102,100057,㈱トヨコン
103,103NO.82,A-0103,100057,㈱トヨコン
104,103NO.87,A-0104,100057,㈱トヨコン
105,103NO.88,A-0105,100057,㈱トヨコン
106,103NT-172W,A-0106,100057,㈱トヨコン
107,103NT-176W,A-0107,100057,㈱トヨコン
108,103SF2,A-0108,100057,㈱トヨコン
109,103SF3,A-0109,100057,㈱トヨコン
110,103SF4,A-0110,100057,㈱トヨコン
111,103SF5,A-0111,100057,㈱トヨコン
112,103SF6,A-0112,100057,㈱トヨコン
113,103SF7,A-0113,100057,㈱トヨコン
114,103SNS-TS2,A-0114,100057,㈱トヨコン
115,103SNS-TS2N,A-0115,100057,㈱トヨコン
116,103SNS-TS3,A-0116,100057,㈱トヨコン
117,103SNS-TS3BN,A-0117,100057,㈱トヨコン
118,103SNS-TS3N,A-0118,100057,㈱トヨコン
119,103ST1,A-0119,100057,㈱トヨコン
120,103ST2,A-0120,100057,㈱トヨコン
121,103ST3,A-0121,100057,㈱トヨコン
122,103ST4,A-0122,100057,㈱トヨコン
123,103T517-08/09K,A-0123,100057,㈱トヨコン
124,103T811-01,A-0124,100057,㈱トヨコン
125,103W-79,A-0125,100057,㈱トヨコン
126,103W-80,A-0126,100057,㈱トヨコン
127,103W-92,A-0127,100057,㈱トヨコン
128,103W-95,A-0128,100057,㈱トヨコン
129,103Y-129,A-0129,100057,㈱トヨコン
130,103Y714-S/F-SP1,A-0130,100057,㈱トヨコン
131,103Y714-S/F-SP2,A-0131,100057,㈱トヨコン
132,103ZUL-200B,A-0132,100057,㈱トヨコン
133,103ｸﾗﾌﾄPEﾌｸﾛ,A-0133,100057,㈱トヨコン
134,1520.04x1400x2250,A-0134,#N/A,#N/A
135,1520.04x1600x2250,A-0135,#N/A,#N/A
136,152HD 1500x1200,A-0136,#N/A,#N/A
137,152HD 3000x1700,A-0137,#N/A,#N/A
138,152HD 3500x1700,A-0138,#N/A,#N/A
139,152HD 700x700,A-0139,#N/A,#N/A
140,153CHC60-570,B-0001,#N/A,#N/A
141,153CHC60-572,B-0002,#N/A,#N/A
142,153CHC60-576,B-0003,#N/A,#N/A
143,153CHC60-580,B-0004,#N/A,#N/A
144,153CHC60-841,B-0005,#N/A,#N/A
145,153F570,B-0006,#N/A,#N/A
146,153F572,B-0007,#N/A,#N/A
147,153F580,B-0008,#N/A,#N/A
148,153OF118-570,B-0009,#N/A,#N/A
149,153OF118-572,B-0010,#N/A,#N/A
150,153OF118-580,B-0011,#N/A,#N/A
151,153OF148-570,B-0012,#N/A,#N/A
152,153OF148-572,B-0013,#N/A,#N/A
153,153OF148-580,B-0014,#N/A,#N/A
154,153OF28-572,B-0015,#N/A,#N/A
155,153OF28-580,B-0016,#N/A,#N/A
156,153OF3C55-572,B-0017,#N/A,#N/A
157,153OF40-572,B-0018,#N/A,#N/A
158,153OF40-580,B-0019,#N/A,#N/A
159,153OF48-570,B-0020,#N/A,#N/A
160,153OF48-572,B-0021,#N/A,#N/A
161,153OF48-573,B-0022,#N/A,#N/A
162,153OF48-580,B-0023,#N/A,#N/A
163,153OF60-572,B-0024,#N/A,#N/A
164,153OF60-580,B-0025,#N/A,#N/A
165,153OF66-570,B-0026,#N/A,#N/A
166,153OF66-572,B-0027,#N/A,#N/A
167,153OF66-573,B-0028,#N/A,#N/A
168,153OF66-580,B-0029,#N/A,#N/A
169,153OF66R-572,B-0030,#N/A,#N/A
170,153OF66R-580,B-0031,#N/A,#N/A
171,153OF76-570,B-0032,#N/A,#N/A
172,153OF76-572,B-0033,#N/A,#N/A
173,153OF76-573,B-0034,#N/A,#N/A
174,153OF76-580,B-0035,#N/A,#N/A
175,153OF90-572,B-0036,#N/A,#N/A
176,153OF90-580,B-0037,#N/A,#N/A
177,153VSRO-56-S-107-301,B-0038,#N/A,#N/A
178,153VSRO-56-S-137-301,B-0039,#N/A,#N/A
179,153VSRO-56-S-157-301,B-0040,#N/A,#N/A
180,153VSRO-56-S-64-301,B-0041,#N/A,#N/A
181,153VSRO-56-W-128-301,B-0042,#N/A,#N/A
182,153VSRO-56-W-148-301,B-0043,#N/A,#N/A
183,153VSRO-56-W-98-301,B-0044,#N/A,#N/A
184,153W.300,B-0045,#N/A,#N/A
185,153ｽﾗｲﾀﾞｰ ﾌｸﾗﾛｺﾞ,B-0046,#N/A,#N/A
186,157ｳﾗｼﾞ3000-1,B-0047,#N/A,#N/A
187,157ｳﾗｼﾞ5000,B-0048,#N/A,#N/A
188,157ｳﾚﾀﾝﾗﾐﾈｰﾄ,B-0049,#N/A,#N/A
189,157ｼｭｰﾅｰ ｼｮｳN,B-0050,#N/A,#N/A
190,157ｼﾞｭｼﾜﾀﾗﾐﾈｰﾄ,B-0051,#N/A,#N/A
191,157ｽﾍﾞﾘﾄﾞﾒｸﾛ,B-0052,#N/A,#N/A
192,157ﾀｲﾊﾟｰ1050(DGR),B-0053,#N/A,#N/A
193,157ﾀｲﾊﾟｰ570,B-0054,#N/A,#N/A
194,157ﾀｲﾊﾟｰ680,B-0055,#N/A,#N/A
195,157ﾀｲﾊﾟｰ800,B-0056,#N/A,#N/A
196,157ﾄｰﾖｰﾎﾞｰ1000,B-0057,#N/A,#N/A
197,157ﾄｰﾖｰﾎﾞｰ680,B-0058,#N/A,#N/A
198,157ﾄｰﾖｰﾎﾞｰ800,B-0059,#N/A,#N/A
199,157ﾄﾘｺｯﾄBE,B-0060,#N/A,#N/A
200,157ﾄﾘｺｯﾄT3003,B-0061,#N/A,#N/A
201,157ﾌｸﾗｼﾞｬｶﾞｰﾄﾞCHI,B-0062,#N/A,#N/A
202,157ﾌｸﾗｼﾞｬｶﾞｰﾄﾞHG01F,B-0063,#N/A,#N/A
203,157ﾌﾟﾗｽﾍﾞﾙﾄ,B-0064,#N/A,#N/A
204,157ﾌﾟﾗｽﾍﾞﾙﾄ650,B-0065,#N/A,#N/A
205,157ﾒﾝﾌﾟ ﾍﾞｰｼﾞｭ,B-0066,#N/A,#N/A
206,158ﾜﾀ120G-100,B-0067,#N/A,#N/A
207,158ﾜﾀ190G-100,B-0068,#N/A,#N/A
208,158ﾜﾀ190G-130,B-0069,#N/A,#N/A
209,158ﾜﾀ300G-130,B-0070,#N/A,#N/A
210,158ﾜﾀ300G-96,B-0071,#N/A,#N/A
211,158ﾜﾀ600G-100,B-0072,#N/A,#N/A
212,158ﾜﾀ60G-110,B-0073,#N/A,#N/A
213,160ﾏｼﾞｯｸﾃｰﾌﾟ ｸﾛ20A,B-0074,#N/A,#N/A
214,160ﾏｼﾞｯｸﾃｰﾌﾟ ｸﾛ30B,B-0075,#N/A,#N/A
215,160ﾏｼﾞｯｸﾃｰﾌﾟ ｸﾛ35A,B-0076,#N/A,#N/A
216,160ﾏｼﾞｯｸﾃｰﾌﾟ ｸﾛ35B,B-0077,#N/A,#N/A
217,160ﾏｼﾞｸﾛｽ ﾍﾞ10A,B-0078,#N/A,#N/A
218,160ﾏｼﾞｸﾛｽ ﾍﾞ20A,B-0079,#N/A,#N/A
219,160ﾏｼﾞｸﾛｽ ﾍﾞ20B,B-0080,#N/A,#N/A
220,160ﾕﾆﾃｰﾌﾟ ﾍﾞ35A,B-0081,#N/A,#N/A
221,160ﾕﾆﾃｰﾌﾟ ﾍﾞ35B,B-0082,#N/A,#N/A
222,154A110-28Uｱｼﾞｬｽﾀｰ,C-0001,#N/A,#N/A
223,154A113-25ｱｼﾞｬｽﾀｰ,C-0002,#N/A,#N/A
224,154M8-15-NABEBOLT-BL,C-0003,#N/A,#N/A
225,154M8-20-6BOLT,C-0004,#N/A,#N/A
226,154M8-65-NABEBOLT-BL,C-0005,#N/A,#N/A
227,154M8-SW-BL,C-0006,#N/A,#N/A
228,154M8-W-BL,C-0007,#N/A,#N/A
229,154P232ｷｬｽﾀｰ,C-0008,#N/A,#N/A
230,154RBｱｼﾞｬｽﾀｰ32ﾊﾟｲ,C-0009,#N/A,#N/A
231,154ｸﾘｯﾌﾟ4725,C-0010,#N/A,#N/A
232,154ｼﾝｽﾘｰﾌﾞ,C-0011,#N/A,#N/A
233,154ｽﾗｲﾀﾞｰ60ﾊﾟｲ,C-0012,#N/A,#N/A
234,154ｽﾗｲﾀﾞｰR,C-0013,#N/A,#N/A
235,154ｽﾗｲﾀﾞｰS,C-0014,#N/A,#N/A
236,154ﾌﾟﾗｽﾁｯｸｽﾘｰﾌﾞ,C-0015,#N/A,#N/A
237,154ﾌﾟﾗﾊﾟｰﾄ,C-0016,#N/A,#N/A
238,154ﾌﾟﾗﾊﾟｰﾄA110-32,C-0017,#N/A,#N/A
239,154ﾌﾟﾗﾊﾟｰﾄT166-B,C-0018,#N/A,#N/A
240,1553.5x360LR,C-0019,#N/A,#N/A
241,1553.5x410LR,C-0020,#N/A,#N/A
242,1553.5x415HR,C-0021,#N/A,#N/A
243,1553.5x460HR,C-0022,#N/A,#N/A
244,1553.5x510HR,C-0023,#N/A,#N/A
245,1553.5x660,C-0024,#N/A,#N/A
246,1553.5x755,C-0025,#N/A,#N/A
247,1554.0x410RR,C-0026,#N/A,#N/A
248,1554.0x460,C-0027,#N/A,#N/A
249,1554.0x460LR,C-0028,#N/A,#N/A
250,1554.0x460RR,C-0029,#N/A,#N/A
251,1554.0x530,C-0030,#N/A,#N/A
252,1554.0x560,C-0031,#N/A,#N/A
253,1554.0x575,C-0032,#N/A,#N/A
254,1554.0x605,C-0033,#N/A,#N/A
255,1554.0x605LR,C-0034,#N/A,#N/A
256,1554.0x670,C-0035,#N/A,#N/A
257,1558.0x315,C-0036,#N/A,#N/A
258,155B550ﾅｯﾄ,C-0037,#N/A,#N/A
259,155EL025-ﾚﾝｹﾂA,C-0038,#N/A,#N/A
260,155EL025-ﾚﾝｹﾂB,C-0039,#N/A,#N/A
261,155EL030Nﾚﾝｹﾂｽﾍﾟｰｻ,C-0040,#N/A,#N/A
262,155EL030Nﾚﾝｹﾂﾎﾞﾙﾄ,C-0041,#N/A,#N/A
263,155H857ｼﾞｮｲﾝﾄｶﾅｸﾞ,C-0042,#N/A,#N/A
264,155JM293ｱｰﾑｱﾝｸﾞﾙ,C-0043,#N/A,#N/A
265,155P-2-1020,C-0044,#N/A,#N/A
266,155P-2-1160,C-0045,#N/A,#N/A
267,155P-2-1300,C-0046,#N/A,#N/A
268,155P-2-360,C-0047,#N/A,#N/A
269,155P-2-610,C-0048,#N/A,#N/A
270,155P-2-960,C-0049,#N/A,#N/A
271,155P-6-385,C-0050,#N/A,#N/A
272,155P-6-505,C-0051,#N/A,#N/A
273,155P-6-580,C-0052,#N/A,#N/A
274,155P-6-620,C-0053,#N/A,#N/A
275,155P-6-760,C-0054,#N/A,#N/A
276,155PORON-3MM,C-0055,#N/A,#N/A
277,155VL-F3FR,C-0056,#N/A,#N/A
278,155VL-M3FR,C-0057,#N/A,#N/A
279,155W230,C-0058,#N/A,#N/A
280,155ｸﾘｯﾌﾟ5063,C-0059,#N/A,#N/A
281,155ﾌｯｸ1.2,C-0060,#N/A,#N/A
282,155ﾜｲﾔｰ275,C-0061,#N/A,#N/A
283,155ﾜｲﾔｰ430,C-0062,#N/A,#N/A
284,155ﾜｲﾔｰ600,C-0063,#N/A,#N/A
285,157P107-ﾓｸｽﾗｲﾀﾞｰ,C-0064,#N/A,#N/A
286,157P231-ﾓｸｽﾗｲﾀﾞｰ,C-0065,#N/A,#N/A
287,157P808-ﾓｸｽﾗｲﾀﾞｰ,C-0066,#N/A,#N/A
288,00110/1000,D-0001,100045,東京シンコール㈱
289,00110/1003,D-0002,100045,東京シンコール㈱
290,00110/1006,D-0003,100045,東京シンコール㈱
291,00110/1007,D-0004,100045,東京シンコール㈱
292,00110/1008,D-0005,100045,東京シンコール㈱
293,00110/1009,D-0006,100045,東京シンコール㈱
294,00110/1222,D-0007,100025,シンコー㈱ｲｽﾞﾗｲﾌ
295,00110/1226,D-0008,100025,シンコー㈱ｲｽﾞﾗｲﾌ
296,00110/1228,D-0009,100025,シンコー㈱ｲｽﾞﾗｲﾌ
297,00110/8101,D-0010,100045,東京シンコール㈱
298,00110/8102,D-0011,100045,東京シンコール㈱
299,00110/8103,D-0012,100045,東京シンコール㈱
300,00110/8104,D-0013,100045,東京シンコール㈱
301,00110/DTA1,D-0014,100045,東京シンコール㈱
302,00110/DTA2,D-0015,100045,東京シンコール㈱
303,00110/DTA3,D-0016,100045,東京シンコール㈱
304,00110/DTA4,D-0017,100045,東京シンコール㈱
305,00110/DTA5,D-0018,100045,東京シンコール㈱
306,00110Sｶﾂﾗｷﾞ,D-0019,100061,㈱幸和
307,00118/1702,D-0020,100045,東京シンコール㈱
308,00118/1706,D-0021,100045,東京シンコール㈱
309,00118/1709,D-0022,100045,東京シンコール㈱
310,00118/3806,D-0023,100030,アスワン㈱
311,00118/3808,D-0024,100030,アスワン㈱
312,00118/3917,D-0025,100030,アスワン㈱
313,00118/3918,D-0026,100030,アスワン㈱
314,00118/3919,D-0027,100030,アスワン㈱
315,00118/3928,D-0028,100030,アスワン㈱
316,00118/3929,D-0029,100030,アスワン㈱
317,00118/5162,D-0030,100025,シンコー㈱ｲｽﾞﾗｲﾌ
318,00118/5166,D-0031,100025,シンコー㈱ｲｽﾞﾗｲﾌ
319,00118/5169,D-0032,100025,シンコー㈱ｲｽﾞﾗｲﾌ
320,00118/756,D-0033,100025,シンコー㈱ｲｽﾞﾗｲﾌ
321,00118/759,D-0034,100025,シンコー㈱ｲｽﾞﾗｲﾌ
322,00122/5310,D-0035,100027,㈱森傳
323,00122/5312,D-0036,100027,㈱森傳
324,00122/5319,D-0037,100027,㈱森傳
325,00122/5507,D-0038,100027,㈱森傳
326,00122/5508,D-0039,100027,㈱森傳
327,00122/5509,D-0040,100027,㈱森傳
328,00122/5600,D-0041,100027,㈱森傳
329,00122/5608,D-0042,100027,㈱森傳
330,00122/5609,D-0043,100027,㈱森傳
331,00128/3216,D-0044,100025,シンコー㈱ｲｽﾞﾗｲﾌ
332,0014138-012,D-0045,100084,イノベイジア㈱
333,00158/3116,D-0046,100025,シンコー㈱ｲｽﾞﾗｲﾌ
334,001AP210,D-0047,100025,シンコー㈱ｲｽﾞﾗｲﾌ
335,001AP211,D-0048,100025,シンコー㈱ｲｽﾞﾗｲﾌ
336,001AP212,D-0049,100025,シンコー㈱ｲｽﾞﾗｲﾌ
337,001BUR-TAR-5050C,D-0050,100032,㈱ワーウィックファブリックスジ
338,001DEV-TAR-5050C,D-0051,100032,㈱ワーウィックファブリックスジ
339,001DIN/CHE,D-0052,100032,㈱ワーウィックファブリックスジ
340,001DIN/CHR,D-0053,100032,㈱ワーウィックファブリックスジ
341,001DIN/DEN,D-0054,100032,㈱ワーウィックファブリックスジ
342,001DIN/GRA,D-0055,100032,㈱ワーウィックファブリックスジ
343,001DIN/LEA,D-0056,100032,㈱ワーウィックファブリックスジ
344,001DIN/LEM,D-0057,100032,㈱ワーウィックファブリックスジ
345,001DIN/WOL,D-0058,100032,㈱ワーウィックファブリックスジ
346,001DOL/ARC,D-0059,100032,㈱ワーウィックファブリックスジ
347,001DOL/FLI,D-0060,100032,㈱ワーウィックファブリックスジ
348,001DOL/ONY,D-0061,100032,㈱ワーウィックファブリックスジ
349,001DOR-SAN-5050C,D-0062,100032,㈱ワーウィックファブリックスジ
350,001GLA/CLA,D-0063,100032,㈱ワーウィックファブリックスジ
351,001GLA/UMB,D-0064,100032,㈱ワーウィックファブリックスジ
352,001GN0T,D-0065,100025,シンコー㈱ｲｽﾞﾗｲﾌ
353,001GN1S,D-0066,100025,シンコー㈱ｲｽﾞﾗｲﾌ
354,001GN38,D-0067,100025,シンコー㈱ｲｽﾞﾗｲﾌ
355,001GN65,D-0068,100025,シンコー㈱ｲｽﾞﾗｲﾌ
356,001GN7E,D-0069,100025,シンコー㈱ｲｽﾞﾗｲﾌ
357,001GNB5,D-0070,100025,シンコー㈱ｲｽﾞﾗｲﾌ
358,001GNED,D-0071,100025,シンコー㈱ｲｽﾞﾗｲﾌ
359,001GNL9,D-0072,100025,シンコー㈱ｲｽﾞﾗｲﾌ
360,001GRBE,D-0073,100025,シンコー㈱ｲｽﾞﾗｲﾌ
361,001GRBL,D-0074,100025,シンコー㈱ｲｽﾞﾗｲﾌ
362,001GRBR,D-0075,100025,シンコー㈱ｲｽﾞﾗｲﾌ
363,001GRI,D-0076,100025,シンコー㈱ｲｽﾞﾗｲﾌ
364,001JUNO05,D-0077,100027,㈱森傳
365,001JUNO15,D-0078,100027,㈱森傳
366,001MAL-SAN-5050C,D-0079,100032,㈱ワーウィックファブリックスジ
367,001MAL-TAR-5050C,D-0080,100032,㈱ワーウィックファブリックスジ
368,001MON-TAR-5050C,D-0081,100032,㈱ワーウィックファブリックスジ
369,001MYS/11,D-0082,100111,bp international tokyo㈱
370,001MYS/602,D-0083,100111,bp international tokyo㈱
371,001MYS/BOY,D-0084,100032,㈱ワーウィックファブリックスジ
372,001MYS/COS,D-0085,100032,㈱ワーウィックファブリックスジ
373,001MYS/DEL,D-0086,100032,㈱ワーウィックファブリックスジ
374,001MYS/DOV,D-0087,100032,㈱ワーウィックファブリックスジ
375,001MYS/GOL,D-0088,100032,㈱ワーウィックファブリックスジ
376,001MYS/HON,D-0089,100032,㈱ワーウィックファブリックスジ
377,001MYS/LAV,D-0090,100032,㈱ワーウィックファブリックスジ
378,001MYS/OCE,D-0091,100032,㈱ワーウィックファブリックスジ
379,001MYS/PUR,D-0092,100032,㈱ワーウィックファブリックスジ
380,001MYS/PUT,D-0093,100032,㈱ワーウィックファブリックスジ
381,001MYS/RED,D-0094,100032,㈱ワーウィックファブリックスジ
382,001MYS/ROY,D-0095,100032,㈱ワーウィックファブリックスジ
383,001MYS/SLA,D-0096,100032,㈱ワーウィックファブリックスジ
384,001MYS/SPR,D-0097,100032,㈱ワーウィックファブリックスジ
385,001MYS/TAU,D-0098,100032,㈱ワーウィックファブリックスジ
386,001NC039,D-0099,100033,㈱リバコトレーディング
387,001NC121,D-0100,100033,㈱リバコトレーディング
388,001NC136,D-0101,100033,㈱リバコトレーディング
389,001PAL-BLU-5050C,D-0102,100032,㈱ワーウィックファブリックスジ
390,001POR/WHI,D-0103,100032,㈱ワーウィックファブリックスジ
391,001RALOS08,D-0104,100025,シンコー㈱ｲｽﾞﾗｲﾌ
392,001RT5007,D-0105,100033,㈱リバコトレーディング
393,001RT5009,D-0106,100033,㈱リバコトレーディング
394,001RT5011,D-0107,100033,㈱リバコトレーディング
395,001SAU-TAR-5050C,D-0108,100032,㈱ワーウィックファブリックスジ
396,001SP/172,D-0109,100045,東京シンコール㈱
397,001SP/176,D-0110,100045,東京シンコール㈱
398,001SP/178,D-0111,100045,東京シンコール㈱
399,001SP/190,D-0112,100045,東京シンコール㈱
400,001SP/191,D-0113,100045,東京シンコール㈱
401,001SP/192,D-0114,100045,東京シンコール㈱
402,001SP/194,D-0115,100045,東京シンコール㈱
403,001SP/195,D-0116,100045,東京シンコール㈱
404,001SP/196,D-0117,100045,東京シンコール㈱
405,001SP/197,D-0118,100045,東京シンコール㈱
406,001SP/198,D-0119,100045,東京シンコール㈱
407,001SP/199,D-0120,100045,東京シンコール㈱
408,001SP/53,D-0121,100027,㈱森傳
409,001SP/54,D-0122,100027,㈱森傳
410,001SP/55,D-0123,100027,㈱森傳
411,001SP/56,D-0124,100027,㈱森傳
412,001SP/57,D-0125,100027,㈱森傳
413,001SP/90,D-0126,100027,㈱森傳
414,001SP/91,D-0127,100027,㈱森傳
415,001SP/92,D-0128,100027,㈱森傳
416,001SP/93,D-0129,100027,㈱森傳
417,001T4543,D-0130,100025,シンコー㈱ｲｽﾞﾗｲﾌ
418,001T4544,D-0131,100025,シンコー㈱ｲｽﾞﾗｲﾌ
419,001T4547,D-0132,100025,シンコー㈱ｲｽﾞﾗｲﾌ
420,001T4553,D-0133,100025,シンコー㈱ｲｽﾞﾗｲﾌ
421,001T4555,D-0134,100025,シンコー㈱ｲｽﾞﾗｲﾌ
422,001T7154,D-0135,100025,シンコー㈱ｲｽﾞﾗｲﾌ
423,001T7157,D-0136,100025,シンコー㈱ｲｽﾞﾗｲﾌ
424,001T7160,D-0137,100025,シンコー㈱ｲｽﾞﾗｲﾌ
425,001T7162,D-0138,100025,シンコー㈱ｲｽﾞﾗｲﾌ
426,001T7168,D-0139,100025,シンコー㈱ｲｽﾞﾗｲﾌ
427,001T7170,D-0140,100025,シンコー㈱ｲｽﾞﾗｲﾌ
428,001T7172,D-0141,100025,シンコー㈱ｲｽﾞﾗｲﾌ
429,001T7175,D-0142,100025,シンコー㈱ｲｽﾞﾗｲﾌ
430,001T7176,D-0143,100025,シンコー㈱ｲｽﾞﾗｲﾌ
431,001T7177,D-0144,100025,シンコー㈱ｲｽﾞﾗｲﾌ
432,001T7178,D-0145,100025,シンコー㈱ｲｽﾞﾗｲﾌ
433,001T7179,D-0146,100025,シンコー㈱ｲｽﾞﾗｲﾌ
434,001T7180,D-0147,100025,シンコー㈱ｲｽﾞﾗｲﾌ
435,001T7181,D-0148,100025,シンコー㈱ｲｽﾞﾗｲﾌ
436,001T7182,D-0149,100025,シンコー㈱ｲｽﾞﾗｲﾌ
437,001T7183,D-0150,100025,シンコー㈱ｲｽﾞﾗｲﾌ
438,001T7185,D-0151,100025,シンコー㈱ｲｽﾞﾗｲﾌ
439,001T7187,D-0152,100025,シンコー㈱ｲｽﾞﾗｲﾌ
440,001T7188,D-0153,100025,シンコー㈱ｲｽﾞﾗｲﾌ
441,001T7189,D-0154,100025,シンコー㈱ｲｽﾞﾗｲﾌ
442,001T7190,D-0155,100025,シンコー㈱ｲｽﾞﾗｲﾌ
443,001T7192,D-0156,100025,シンコー㈱ｲｽﾞﾗｲﾌ
444,001T7193,D-0157,100025,シンコー㈱ｲｽﾞﾗｲﾌ
445,001T7514,D-0158,100025,シンコー㈱ｲｽﾞﾗｲﾌ
446,001T9374,D-0159,100025,シンコー㈱ｲｽﾞﾗｲﾌ
447,001TAR-SAN-5050C,D-0160,100032,㈱ワーウィックファブリックスジ
448,001TL2413,D-0161,100025,シンコー㈱ｲｽﾞﾗｲﾌ
449,001UP8601,D-0162,100037,㈱サンゲツ
450,001VER/ANT,D-0163,100032,㈱ワーウィックファブリックスジ
451,001VER/CHA,D-0164,100032,㈱ワーウィックファブリックスジ
452,001VER/DOV,D-0165,100032,㈱ワーウィックファブリックスジ
453,001VER/IMP,D-0166,100032,㈱ワーウィックファブリックスジ
454,001VER/MIS,D-0167,100032,㈱ワーウィックファブリックスジ
455,001VER/MOS,D-0168,100032,㈱ワーウィックファブリックスジ
456,001VER/ONY,D-0169,100032,㈱ワーウィックファブリックスジ
457,001VER/PEA,D-0170,100032,㈱ワーウィックファブリックスジ
458,001VER/SIL,D-0171,100032,㈱ワーウィックファブリックスジ
459,001VER/SMO,D-0172,100032,㈱ワーウィックファブリックスジ
460,001VER/TEA,D-0173,100032,㈱ワーウィックファブリックスジ
461,001VER/WED,D-0174,100032,㈱ワーウィックファブリックスジ
462,001VER/WIL,D-0175,100032,㈱ワーウィックファブリックスジ
463,001ZUL-TAR-5050C,D-0176,100032,㈱ワーウィックファブリックスジ
464,001ｱﾈﾙｶY,D-0177,100027,㈱森傳
465,001ｱﾓﾝBR,D-0178,#N/A,#N/A
466,001ｱﾓﾝDBR,D-0179,#N/A,#N/A
467,001ｳﾞｪｰｸGR,D-0180,100026,㈱川島織物セルコン
468,001ｸｰﾙMC,D-0181,100045,東京シンコール㈱
469,001ｼｬﾙﾒ#1,D-0182,100025,シンコー㈱ｲｽﾞﾗｲﾌ
470,001ｼｬﾙﾒ#2,D-0183,100025,シンコー㈱ｲｽﾞﾗｲﾌ
471,001ｼｬﾙﾒ#3,D-0184,100025,シンコー㈱ｲｽﾞﾗｲﾌ
472,001ｾｲﾌﾞﾙDGY,D-0185,100045,東京シンコール㈱
473,001ｾｲﾌﾞﾙLBE,D-0186,100045,東京シンコール㈱
474,001ﾆｭｰｽBK,D-0187,100027,㈱森傳
475,001ﾆｺﾗBK,D-0188,100027,㈱森傳
476,001ﾆｺﾗLGR,D-0189,100027,㈱森傳
477,001ﾌｫｰﾁｭﾝDBE,D-0190,100027,㈱森傳
478,001ﾌｫｰﾁｭﾝKD,D-0191,100027,㈱森傳
479,00222/2459,E-0001,190002,IIC
480,00222/2600,E-0002,190002,IIC
481,00222/2601,E-0003,190002,IIC
482,00222/2607,E-0004,190002,IIC
483,00222/2614,E-0005,190002,IIC
484,00222/2618,E-0006,190002,IIC
485,00222/2619,E-0007,190002,IIC
486,00222/2800,E-0008,190002,IIC
487,00222/2802,E-0009,190002,IIC
488,00222/2806,E-0010,190002,IIC
489,00222/2807,E-0011,190002,IIC
490,00222/2808,E-0012,190002,IIC
491,00228/2140,E-0013,190002,IIC
492,00228/2149,E-0014,190002,IIC
493,00228/2520,E-0015,190002,IIC
494,00228/2522,E-0016,190002,IIC
495,00228/2525,E-0017,190002,IIC
496,00228/2527,E-0018,190002,IIC
497,00228/2529,E-0019,190002,IIC
498,00228/4103,E-0020,190002,IIC
499,00228/4105,E-0021,190002,IIC
500,00228/4106,E-0022,190002,IIC
501,00228/4107,E-0023,190002,IIC
502,00228/4109,E-0024,190002,IIC
503,00228/4160,E-0025,190002,IIC
504,00228/4161,E-0026,190002,IIC
505,00228/4162,E-0027,190002,IIC
506,00228/4164,E-0028,190002,IIC
507,00228/4202,E-0029,190002,IIC
508,00228/4205,E-0030,190002,IIC
509,00228/4209,E-0031,190002,IIC
510,00228/8800,E-0032,190002,IIC
511,00228/8801,E-0033,190002,IIC
512,00228/8807,E-0034,190002,IIC
513,00228/8809,E-0035,190002,IIC
514,00238/2012,E-0036,190002,IIC
515,00238/2206,E-0037,190002,IIC
516,00238/2207,E-0038,190002,IIC
517,00238/2230,E-0039,190002,IIC
518,00238/2232,E-0040,190002,IIC
519,00238/2238,E-0041,190002,IIC
520,00238/2306,E-0042,190002,IIC
521,00238/2309,E-0043,190002,IIC
522,00238/2350,E-0044,190002,IIC
523,00238/2352,E-0045,190002,IIC
524,00238/2356,E-0046,190002,IIC
525,00238/2358,E-0047,190002,IIC
526,00238/2438,E-0048,190002,IIC
527,00238/2542,E-0049,190002,IIC
528,00238/2546,E-0050,190002,IIC
529,00238/2549,E-0051,190002,IIC
530,00238/2550,E-0052,190002,IIC
531,00238/2551,E-0053,190002,IIC
532,00238/2552,E-0054,190002,IIC
533,00238/2554,E-0055,190002,IIC
534,00238/2556,E-0056,190002,IIC
535,00238/2558,E-0057,190002,IIC
536,00238/2559,E-0058,190002,IIC
537,00238/2567,E-0059,190002,IIC
538,00238/2568,E-0060,190002,IIC
539,00238/2690,E-0061,190002,IIC
540,00238/2692,E-0062,190002,IIC
541,00238/2696,E-0063,190002,IIC
542,00238/4222,E-0064,190002,IIC
543,00238/4226,E-0065,190002,IIC
544,00238/4228,E-0066,190002,IIC
545,00238/6171,E-0067,190002,IIC
546,00238/6174,E-0068,190002,IIC
547,00238/6177,E-0069,190002,IIC
548,00238/6178,E-0070,190002,IIC
549,00248/2003,E-0071,190002,IIC
550,00248/2005,E-0072,190002,IIC
551,00248/2007,E-0073,190002,IIC
552,00248/2009,E-0074,190002,IIC
553,00248/2200,E-0075,190002,IIC
554,00248/2206,E-0076,190002,IIC
555,00248/2207,E-0077,190002,IIC
556,00248/2400,E-0078,190002,IIC
557,00248/2402,E-0079,190002,IIC
558,00248/2406,E-0080,190002,IIC
559,00248/2600,E-0081,190002,IIC
560,00248/2608,E-0082,190002,IIC
561,00248/2609,E-0083,190002,IIC
562,00248/4501,E-0084,190002,IIC
563,00248/4507,E-0085,190002,IIC
564,00248/4942,E-0086,190002,IIC
565,00248/4943,E-0087,190002,IIC
566,00248/4947,E-0088,190002,IIC
567,00248/6000,E-0089,190002,IIC
568,00248/6002,E-0090,190002,IIC
569,00248/6009,E-0091,190002,IIC
570,00248/6302,E-0092,190002,IIC
571,00248/6304,E-0093,190002,IIC
572,00248/6306,E-0094,190002,IIC
573,00248/6308,E-0095,190002,IIC
574,00248/8145,E-0096,190002,IIC
575,00248/8148,E-0097,190002,IIC
576,00258/2272,E-0098,190002,IIC
577,00258/2276,E-0099,190002,IIC
578,00258/2279,E-0100,190002,IIC
579,00258/6092,E-0101,190002,IIC
580,002FIT/DBR,E-0102,190002,IIC
581,002FIT/DGY,E-0103,190002,IIC
582,002FIT/GRY,E-0104,190002,IIC
583,002FIT/NV,E-0105,190002,IIC
584,002FIT/PA,E-0106,190002,IIC
585,002SN/01,E-0107,190002,IIC
586,002SN/02,E-0108,190002,IIC
587,002SN/03,E-0109,190002,IIC
588,002SO/11,E-0110,190002,IIC
589,002SO/12,E-0111,190002,IIC
590,002SO/13,E-0112,190002,IIC
591,002SO/14,E-0113,190002,IIC
592,002SP/122N,E-0114,190002,IIC
593,002SP/126N,E-0115,190002,IIC
594,002SP/140,E-0116,190002,IIC
595,002SP/150,E-0117,190002,IIC
596,002SP/180,E-0118,190001,ＴＦＣＣ
597,002SP/181,E-0119,190001,ＴＦＣＣ
598,002SP/182,E-0120,190001,ＴＦＣＣ
599,002SP/183,E-0121,190001,ＴＦＣＣ
600,002SP/184,E-0122,190001,ＴＦＣＣ
601,002SP/70,E-0123,190002,IIC
602,002SP/72,E-0124,190002,IIC
603,32330,F-0001,100116,東レ・ｳﾙﾄﾗｽｴｰﾄﾞ・ﾏｰｹﾃｨﾝｸﾞ㈱
604,33586,F-0002,100116,東レ・ｳﾙﾄﾗｽｴｰﾄﾞ・ﾏｰｹﾃｨﾝｸﾞ㈱
605,34398,F-0003,#N/A,#N/A
606,35969,F-0004,100116,東レ・ｳﾙﾄﾗｽｴｰﾄﾞ・ﾏｰｹﾃｨﾝｸﾞ㈱
607,36659,F-0005,100116,東レ・ｳﾙﾄﾗｽｴｰﾄﾞ・ﾏｰｹﾃｨﾝｸﾞ㈱
608,39480,F-0006,100116,東レ・ｳﾙﾄﾗｽｴｰﾄﾞ・ﾏｰｹﾃｨﾝｸﾞ㈱
609,003TIESSA01,F-0007,100025,シンコー㈱ｲｽﾞﾗｲﾌ
610,003TIESSA06,F-0008,100025,シンコー㈱ｲｽﾞﾗｲﾌ
611,003TIESSA48,F-0009,100025,シンコー㈱ｲｽﾞﾗｲﾌ
612,003TIESSA59,F-0010,100025,シンコー㈱ｲｽﾞﾗｲﾌ
613,003TIESSA61,F-0011,100025,シンコー㈱ｲｽﾞﾗｲﾌ
614,003TIESSA62,F-0012,100025,シンコー㈱ｲｽﾞﾗｲﾌ
615,003TL1602,F-0013,100025,シンコー㈱ｲｽﾞﾗｲﾌ
616,003TL1605,F-0014,100025,シンコー㈱ｲｽﾞﾗｲﾌ
617,003TL1611,F-0015,100025,シンコー㈱ｲｽﾞﾗｲﾌ
618,003TL1613,F-0016,100025,シンコー㈱ｲｽﾞﾗｲﾌ
619,003TL1615,F-0017,100025,シンコー㈱ｲｽﾞﾗｲﾌ
620,003TL1616,F-0018,100025,シンコー㈱ｲｽﾞﾗｲﾌ
621,003TL2471,F-0019,100025,シンコー㈱ｲｽﾞﾗｲﾌ
622,003ｳﾙﾄﾗｽｴｰﾄﾞ3918,F-0020,100116,東レ・ｳﾙﾄﾗｽｴｰﾄﾞ・ﾏｰｹﾃｨﾝｸﾞ㈱
623,003ｴｸｾｰﾇ91X,F-0021,100036,サカタ㈱
624,004L0015,G-0001,100035,ミドリオートレザー㈱
625,004L0025,G-0002,100035,ミドリオートレザー㈱
626,004L0890,G-0003,100035,ミドリオートレザー㈱
627,004L0912,G-0004,100035,ミドリオートレザー㈱
628,004L0921,G-0005,100035,ミドリオートレザー㈱
629,004L1/216,G-0006,100035,ミドリオートレザー㈱
630,004L1/218,G-0007,100035,ミドリオートレザー㈱
631,004L1/219,G-0008,100035,ミドリオートレザー㈱
632,004L1015,G-0009,100035,ミドリオートレザー㈱
633,004L1919,G-0010,100035,ミドリオートレザー㈱
634,004L3/510,G-0011,190005,CONCERIA PRIANTE spa
635,004L3/510A,G-0012,100123,相川商事㈱
636,004L3/511,G-0013,190005,CONCERIA PRIANTE spa
637,004L3/511A,G-0014,100123,相川商事㈱
638,004L3/513,G-0015,190005,CONCERIA PRIANTE spa
639,004L3/513A,G-0016,100123,相川商事㈱
640,004L3/514,G-0017,190005,CONCERIA PRIANTE spa
641,004L3/514A,G-0018,100123,相川商事㈱
642,004L3/515,G-0019,190005,CONCERIA PRIANTE spa
643,004L3/515A,G-0020,100123,相川商事㈱
644,004L3/517A,G-0021,100123,相川商事㈱
645,004L3/518,G-0022,190005,CONCERIA PRIANTE spa
646,004L3/518A,G-0023,100123,相川商事㈱
647,004L6/156,G-0024,190002,IIC
648,004LF3-724,G-0025,100028,㈱メルセン
649,004LG2722,G-0026,100028,㈱メルセン
650,004LH/BK,G-0027,100110,宮内産業㈱
651,004LH/BR,G-0028,100110,宮内産業㈱
652,004LH/CA,G-0029,100110,宮内産業㈱
653,004LH/RD,G-0030,100110,宮内産業㈱
654,004LX6038,G-0031,100028,㈱メルセン
655,004LｱﾙﾎﾞｰﾚBE,G-0032,100035,ミドリオートレザー㈱
656,004LｱﾙﾎﾞｰﾚBL,G-0033,100035,ミドリオートレザー㈱
657,004LｱﾙﾎﾞｰﾚBR,G-0034,100035,ミドリオートレザー㈱
658,004LｱﾙﾎﾞｰﾚG,G-0035,100035,ミドリオートレザー㈱
659,004Lｶﾍﾟﾙ BE,G-0036,#N/A,#N/A
660,005BED-113,H-0001,0,0
661,005D795-10,H-0002,0,0
662,005D795N-10,H-0003,0,0
663,005D975-10 ｼｬﾅｲ,H-0004,0,0
664,005EL003-6,H-0005,0,0
665,005EL025-D ｼｬﾅｲ,H-0006,0,0
666,005EL030-ｾ,H-0007,0,0
667,005EL030-ﾋｼﾞ,H-0008,0,0
668,005EL030N-10ﾎﾝﾀｲ,H-0009,0,0
669,005EL030N-20ﾎﾝﾀｲ,H-0010,0,0
670,005EL030N-30ﾎﾝﾀｲ,H-0011,0,0
671,005EL030N-40ﾎﾝﾀｲ,H-0012,0,0
672,005EL030N-49ﾎﾝﾀｲ,H-0013,0,0
673,005EL030N-50ﾎﾝﾀｲ,H-0014,0,0
674,005EL130A-10,H-0015,0,0
675,005EL140-01,H-0016,170009,㈱東日本イノアック
676,005H287-10,H-0017,0,0
677,005H287-13,H-0018,0,0
678,005H287-14,H-0019,0,0
679,005H287-17,H-0020,0,0
680,005H287-25,H-0021,0,0
681,005H287-60,H-0022,0,0
682,005N235-ｻﾞS,H-0023,0,0
683,005P231-01ｻﾞ ｼｬﾅｲ,H-0024,0,0
684,005P231-13 ｼｬﾅｲ,H-0025,0,0
685,005P231-14 ｼｬﾅｲ,H-0026,0,0
686,005S.PUDDING,H-0027,0,0
687,005T025-Hｻﾞ,H-0028,0,0
688,005T025-ｾ,H-0029,0,0
689,005T323-580,H-0030,0,0
690,005T323-710,H-0031,0,0
691,005T323-780,H-0032,0,0
692,005T323-880,H-0033,0,0
693,005T323-L,H-0034,0,0
694,005T323-P16T,H-0035,0,0
695,005T323-P49T,H-0036,0,0
696,005T323-P50T,H-0037,0,0
697,005T323-R,H-0038,0,0
698,005T703-3,H-0039,0,0
699,006BK-CU5,I-0001,100005,高木木工㈱
700,006CE-881,I-0002,100007,㈲木村ウッドテクノ
701,006CE22-ﾋｼﾞWA,I-0003,100011,㈱上川
702,006CE22-ﾋｼﾞﾋﾞﾝｹﾞ,I-0004,100011,㈱上川
703,006CE22-ﾓｸｱｼWA,I-0005,100047,㈲山田木管製作所
704,006CE22-ﾓｸｱｼﾋﾞﾝｹﾞ,I-0006,100047,㈲山田木管製作所
705,006CE221,I-0007,100005,高木木工㈱
706,006CE223ﾎﾝﾀｲ,I-0008,100005,高木木工㈱
707,006CE225ﾎﾝﾀｲ,I-0009,100005,高木木工㈱
708,006CE22ﾋｼﾞL,I-0010,100007,㈲木村ウッドテクノ
709,006CE22ﾋｼﾞR,I-0011,100007,㈲木村ウッドテクノ
710,006CE31-ｳｼﾛｱｼROL,I-0012,100011,㈱上川
711,006CE31-ｳｼﾛｱｼROR,I-0013,100011,㈱上川
712,006CE31-ｳｼﾛｱｼWAL,I-0014,100011,㈱上川
713,006CE31-ｳｼﾛｱｼWAR,I-0015,100011,㈱上川
714,006CE31-ﾋｼﾞROL,I-0016,100011,㈱上川
715,006CE31-ﾋｼﾞROR,I-0017,100011,㈱上川
716,006CE31-ﾋｼﾞWAL,I-0018,100011,㈱上川
717,006CE31-ﾋｼﾞWAR,I-0019,100011,㈱上川
718,006CE31-ﾏｴｱｼRO,I-0020,100011,㈱上川
719,006CE31-ﾏｴｱｼWA,I-0021,100011,㈱上川
720,006CE311,I-0022,100005,高木木工㈱
721,006CE313ﾎﾝﾀｲ,I-0023,100005,高木木工㈱
722,006CE315ﾎﾝﾀｲ,I-0024,100005,高木木工㈱
723,006CE31ｱｰﾑ,I-0025,100005,高木木工㈱
724,006CE720ﾀﾞｲﾜW77,I-0026,#N/A,#N/A
725,006CE720ﾀﾞｲﾜW79,I-0027,#N/A,#N/A
726,006CE720ﾋｼﾞｲﾀ4893,I-0028,100066,伊藤塗装工業㈱
727,006CE720ﾏｴｲﾀ4893,I-0029,100066,伊藤塗装工業㈱
728,006CE721ﾀﾞｲﾜW79,I-0030,#N/A,#N/A
729,006CE723ﾀﾞｲﾜ4893,I-0031,#N/A,#N/A
730,006CE723ﾀﾞｲﾜW77,I-0032,#N/A,#N/A
731,006CE72ﾋｼﾞｲﾀW77,I-0033,100066,伊藤塗装工業㈱
732,006CE72ﾋｼﾞｲﾀW79,I-0034,100066,伊藤塗装工業㈱
733,006CE72ﾏｴｲﾀW77,I-0035,100066,伊藤塗装工業㈱
734,006CE72ﾏｴｲﾀW79,I-0036,100066,伊藤塗装工業㈱
735,006CE880/5ﾎﾝﾀｲ,I-0037,100007,㈲木村ウッドテクノ
736,006CE883ﾎﾝﾀｲ,I-0038,100007,㈲木村ウッドテクノ
737,006CE88ﾋｼﾞ,I-0039,100007,㈲木村ウッドテクノ
738,006CK-1810CRA0A,I-0040,100012,㈱朝日相扶製作所
739,006CK-1810CRA1E,I-0041,100012,㈱朝日相扶製作所
740,006CK-1810CRA5AN,I-0042,100012,㈱朝日相扶製作所
741,006CK-1810CRALC,I-0043,100012,㈱朝日相扶製作所
742,006CK-1810PAW,I-0044,100012,㈱朝日相扶製作所
743,006CN-W922,I-0045,100005,高木木工㈱
744,006CN-W922L,I-0046,100005,高木木工㈱
745,006CN-W922R,I-0047,100005,高木木工㈱
746,006CN-W922ｱｼ,I-0048,100011,㈱上川
747,006D100-01B,I-0049,100012,㈱朝日相扶製作所
748,006D100-10B,I-0050,100012,㈱朝日相扶製作所
749,006D296-01BW,I-0051,100021,㈲志岐家具製作所
750,006D296-01BW,I-0052,100021,㈲志岐家具製作所
751,006D296-01NA,I-0053,100021,㈲志岐家具製作所
752,006D296-01NA,I-0054,100021,㈲志岐家具製作所
753,006D296-10BW,I-0055,100021,㈲志岐家具製作所
754,006D296-10BW,I-0056,100021,㈲志岐家具製作所
755,006D296-10NA,I-0057,100021,㈲志岐家具製作所
756,006D296-10NA,I-0058,100021,㈲志岐家具製作所
757,006D330-10K,I-0059,100011,㈱上川
758,006D330-60,I-0060,100011,㈱上川
759,006D528-10FBW,I-0061,100124,飛騨産業㈱
760,006D528-10FDB,I-0062,100124,飛騨産業㈱
761,006D528-10FGY,I-0063,100124,飛騨産業㈱
762,006D528-10FNA,I-0064,100124,飛騨産業㈱
763,006D528-10ZA,I-0065,100124,飛騨産業㈱
764,006D543-10BW,I-0066,100021,㈲志岐家具製作所
765,006D543-10BW,I-0067,100021,㈲志岐家具製作所
766,006D543-10BWﾄｸ,I-0068,100069,㈱匠工芸
767,006D543-10DB,I-0069,100021,㈲志岐家具製作所
768,006D543-10DB,I-0070,100021,㈲志岐家具製作所
769,006D543-10NA,I-0071,100021,㈲志岐家具製作所
770,006D543-10NA,I-0072,100021,㈲志岐家具製作所
771,006D795-01BW,I-0073,100012,㈱朝日相扶製作所
772,006D795-10BW,I-0074,100012,㈱朝日相扶製作所
773,006D795-10DB,I-0075,100012,㈱朝日相扶製作所
774,006D795-10NA,I-0076,100012,㈱朝日相扶製作所
775,006D795-95BW,I-0077,100012,㈱朝日相扶製作所
776,006D795-95NA,I-0078,100012,㈱朝日相扶製作所
777,006D795N-01DB,I-0079,100012,㈱朝日相扶製作所
778,006D795N-01NA,I-0080,100012,㈱朝日相扶製作所
779,006D795N-10BW,I-0081,100012,㈱朝日相扶製作所
780,006D795N-10NA,I-0082,100012,㈱朝日相扶製作所
781,006D795N-95DB,I-0083,100012,㈱朝日相扶製作所
782,006D795N-95NA,I-0084,100012,㈱朝日相扶製作所
783,006D812-01BW,I-0085,100021,㈲志岐家具製作所
784,006D812-01BW,I-0086,100021,㈲志岐家具製作所
785,006D812-01DB,I-0087,100021,㈲志岐家具製作所
786,006D812-01DB,I-0088,100021,㈲志岐家具製作所
787,006D812-01NA,I-0089,100021,㈲志岐家具製作所
788,006D812-01NAｵｰｸ,I-0090,100021,㈲志岐家具製作所
789,006D812-10BW,I-0091,100021,㈲志岐家具製作所
790,006D812-10BW,I-0092,100021,㈲志岐家具製作所
791,006D812-10DB,I-0093,100021,㈲志岐家具製作所
792,006D812-10DB,I-0094,100021,㈲志岐家具製作所
793,006D812-10NA,I-0095,100021,㈲志岐家具製作所
794,006D812-10NA,I-0096,100021,㈲志岐家具製作所
795,006D812-10NAｵｰｸ,I-0097,100021,㈲志岐家具製作所
796,006D812-10NAｵｰｸ,I-0098,100021,㈲志岐家具製作所
797,006EL001ﾓｸｱｼ,I-0099,100047,㈲山田木管製作所
798,006EL001ﾓｸｱｼNA,I-0100,100047,㈲山田木管製作所
799,006EL017-011,I-0101,100007,㈲木村ウッドテクノ
800,006EL017-211,I-0102,100007,㈲木村ウッドテクノ
801,006EL017-411,I-0103,100007,㈲木村ウッドテクノ
802,006EL017-611,I-0104,100007,㈲木村ウッドテクノ
803,006EL017-FD,I-0105,100005,高木木工㈱
804,006EL017-FQ,I-0106,100005,高木木工㈱
805,006EL017-FS,I-0107,100005,高木木工㈱
806,006EL017-FSD,I-0108,100005,高木木工㈱
807,006EL017-ｻｲﾄﾞ,I-0109,100005,高木木工㈱
808,006EL019-10FDB,I-0110,100012,㈱朝日相扶製作所
809,006EL019-10FNA,I-0111,100012,㈱朝日相扶製作所
810,006EL019-16FNA,I-0112,100012,㈱朝日相扶製作所
811,006EL025-002ｲﾝｻｰﾄﾜｸ,I-0113,100007,㈲木村ウッドテクノ
812,006EL025-003ｲﾝｻｰﾄﾜｸ,I-0114,100007,㈲木村ウッドテクノ
813,006EL025-004ｲﾝｻｰﾄﾜｸ,I-0115,100007,㈲木村ウッドテクノ
814,006EL030-17Lﾎﾝﾀｲ,I-0116,100005,高木木工㈱
815,006EL030-17Sﾎﾝﾀｲ,I-0117,100005,高木木工㈱
816,006EL030N-01ｿｺｲﾀ,I-0118,100005,高木木工㈱
817,006EL030N-10ｿｺｲﾀ,I-0119,100005,高木木工㈱
818,006EL030N-20ｿｺｲﾀ,I-0120,100005,高木木工㈱
819,006EL030N-30ｿｺｲﾀ,I-0121,100005,高木木工㈱
820,006EL030N-40ｿｺｲﾀ,I-0122,100005,高木木工㈱
821,006EL030N-49/50ｿｺｲﾀ,I-0123,100005,高木木工㈱
822,006EL100N-01BW,I-0124,100012,㈱朝日相扶製作所
823,006EL100N-01DB,I-0125,100012,㈱朝日相扶製作所
824,006EL100N-01NA,I-0126,100012,㈱朝日相扶製作所
825,006EL100N-10BW,I-0127,100012,㈱朝日相扶製作所
826,006EL100N-10DB,I-0128,100012,㈱朝日相扶製作所
827,006EL100N-10NA,I-0129,100012,㈱朝日相扶製作所
828,006EL130-10,I-0130,100019,㈱ティシュラー
829,006EL140-01BW,I-0131,100125,㈲塚本木工所
830,006EL140-01DB,I-0132,100125,㈲塚本木工所
831,006EL140-01NA,I-0133,100125,㈲塚本木工所
832,006EL900-17,I-0134,100019,㈱ティシュラー
833,006ELBED-ﾓｸｱｼDB,I-0135,100047,㈲山田木管製作所
834,006ELBED-ﾓｸｱｼNA,I-0136,100047,㈲山田木管製作所
835,006ELT001-1010BW,I-0137,190004,輸入部材
836,006ELT001-1407BW,I-0138,190004,輸入部材
837,006ELT001N-1010DB,I-0139,190004,輸入部材
838,006F/N242-17L,I-0140,100005,高木木工㈱
839,006F/N242-17S,I-0141,100005,高木木工㈱
840,006F/N242-30ｾ,I-0142,100005,高木木工㈱
841,006F/N242-30ﾄｺｲﾀ,I-0143,100005,高木木工㈱
842,006F/N242-ｲﾀ120x30,I-0144,100005,高木木工㈱
843,006F/N242-ｲﾀ135x67,I-0145,100005,高木木工㈱
844,006F/N242-ｲﾀ180x30,I-0146,100005,高木木工㈱
845,006F/N242-ｲﾀ345x30,I-0147,100005,高木木工㈱
846,006F/N242-ｲﾀ542x67,I-0148,100005,高木木工㈱
847,006F/N242-ｲﾀ725x30,I-0149,100005,高木木工㈱
848,006F/N242-ﾋｼﾞ,I-0150,100005,高木木工㈱
849,006F756-44,I-0151,100005,高木木工㈱
850,006F756-ｱｼDB,I-0152,100019,㈱ティシュラー
851,006F756-ｱｼNA,I-0153,100019,㈱ティシュラー
852,006F756E-08,I-0154,100005,高木木工㈱
853,006F756E-09,I-0155,100005,高木木工㈱
854,006F756E-20,I-0156,100005,高木木工㈱
855,006F780-01BW,I-0157,100012,㈱朝日相扶製作所
856,006F780-01DB,I-0158,100012,㈱朝日相扶製作所
857,006F780-01NA,I-0159,100012,㈱朝日相扶製作所
858,006F780-01SE,I-0160,100005,高木木工㈱
859,006F780-01ZA,I-0161,100005,高木木工㈱
860,006F780-03BW,I-0162,100012,㈱朝日相扶製作所
861,006F780-03DB,I-0163,100012,㈱朝日相扶製作所
862,006F780-03NA,I-0164,100012,㈱朝日相扶製作所
863,006F780-03SE,I-0165,100005,高木木工㈱
864,006F780-03ZA,I-0166,100005,高木木工㈱
865,006F780-08/09ZA,I-0167,100005,高木木工㈱
866,006F780-0809BW,I-0168,100012,㈱朝日相扶製作所
867,006F780-0809DB,I-0169,100012,㈱朝日相扶製作所
868,006F780-0809NA,I-0170,100012,㈱朝日相扶製作所
869,006F780-08SE,I-0171,100005,高木木工㈱
870,006F780-09SE,I-0172,100005,高木木工㈱
871,006F780-11/12ZA,I-0173,100005,高木木工㈱
872,006F780-1112BW,I-0174,100012,㈱朝日相扶製作所
873,006F780-1112DB,I-0175,100012,㈱朝日相扶製作所
874,006F780-1112NA,I-0176,100012,㈱朝日相扶製作所
875,006F780-11SE,I-0177,100005,高木木工㈱
876,006F780-12SE,I-0178,100005,高木木工㈱
877,006F780-17L,I-0179,100005,高木木工㈱
878,006F780-17LBW,I-0180,100012,㈱朝日相扶製作所
879,006F780-17LDB,I-0181,100012,㈱朝日相扶製作所
880,006F780-17LNA,I-0182,100012,㈱朝日相扶製作所
881,006F780-17S,I-0183,100005,高木木工㈱
882,006F780-17SBW,I-0184,100012,㈱朝日相扶製作所
883,006F780-17SDB,I-0185,100012,㈱朝日相扶製作所
884,006F780-17SNA,I-0186,100012,㈱朝日相扶製作所
885,006F780-832SE,I-0187,100005,高木木工㈱
886,006F780-931SE,I-0188,100005,高木木工㈱
887,006F780-97BW,I-0189,100012,㈱朝日相扶製作所
888,006F780-97DB,I-0190,100012,㈱朝日相扶製作所
889,006F780-97FBW,I-0191,100012,㈱朝日相扶製作所
890,006F780-97FDB,I-0192,100012,㈱朝日相扶製作所
891,006F780-97FNA,I-0193,100012,㈱朝日相扶製作所
892,006F780-97NA,I-0194,100012,㈱朝日相扶製作所
893,006H2-500-ｱｼMB,I-0195,100011,㈱上川
894,006H287-10,I-0196,100005,高木木工㈱
895,006H287-13,I-0197,100005,高木木工㈱
896,006H287-14,I-0198,100005,高木木工㈱
897,006H287-17,I-0199,100005,高木木工㈱
898,006H287-25,I-0200,100005,高木木工㈱
899,006HK055-03,I-0201,100005,高木木工㈱
900,006HK055-ｱｼBW,I-0202,100019,㈱ティシュラー
901,006HR987-59,I-0203,100007,㈲木村ウッドテクノ
902,006KL294-400,I-0204,100021,㈲志岐家具製作所
903,006N068-10,I-0205,100007,㈲木村ウッドテクノ
904,006N068-10L,I-0206,100007,㈲木村ウッドテクノ
905,006N068-31/32,I-0207,100007,㈲木村ウッドテクノ
906,006N068-31L,I-0208,100007,㈲木村ウッドテクノ
907,006N068-32L,I-0209,100007,㈲木村ウッドテクノ
908,006N068-ｱｼBW,I-0210,100047,㈲山田木管製作所
909,006N068-ﾋｼﾞL,I-0211,100007,㈲木村ウッドテクノ
910,006N068-ﾋｼﾞR,I-0212,100007,㈲木村ウッドテクノ
911,006N068N-17,I-0213,100007,㈲木村ウッドテクノ
912,006N068N-17L,I-0214,100007,㈲木村ウッドテクノ
913,006N181-30,I-0215,100005,高木木工㈱
914,006N181-ﾋｼﾞ,I-0216,100005,高木木工㈱
915,006N181E-10,I-0217,100005,高木木工㈱
916,006N215-17,I-0218,100005,高木木工㈱
917,006N264-01SE,I-0219,100005,高木木工㈱
918,006N264-01ZA,I-0220,100005,高木木工㈱
919,006N264-02SE,I-0221,100005,高木木工㈱
920,006N264-02ZA,I-0222,100005,高木木工㈱
921,006N264-03SE,I-0223,100005,高木木工㈱
922,006N264-03ZA,I-0224,100005,高木木工㈱
923,006N264-06/49LSE,I-0225,100005,高木木工㈱
924,006N264-06ZA,I-0226,100005,高木木工㈱
925,006N264-07/50LSE,I-0227,100005,高木木工㈱
926,006N264-07ZA,I-0228,100005,高木木工㈱
927,006N264-17,I-0229,100005,高木木工㈱
928,006N264-17S,I-0230,100005,高木木工㈱
929,006N264-20SE,I-0231,100005,高木木工㈱
930,006N264-20ZA,I-0232,100005,高木木工㈱
931,006N264-30ITA,I-0233,100005,高木木工㈱
932,006N264-30SE,I-0234,100005,高木木工㈱
933,006N264-41SE,I-0235,100005,高木木工㈱
934,006N264-41ZA,I-0236,100005,高木木工㈱
935,006N264-42SE,I-0237,100005,高木木工㈱
936,006N264-42ZA,I-0238,100005,高木木工㈱
937,006N264-44ZA,I-0239,100005,高木木工㈱
938,006N264-49LITA,I-0240,100005,高木木工㈱
939,006N264-49SSE,I-0241,100005,高木木工㈱
940,006N264-49SZA,I-0242,100005,高木木工㈱
941,006N264-50LITA,I-0243,100005,高木木工㈱
942,006N264-50SSE,I-0244,100005,高木木工㈱
943,006N264-50SZA,I-0245,100005,高木木工㈱
944,006N264-ARM-L,I-0246,100005,高木木工㈱
945,006N264-ARM-R,I-0247,100005,高木木工㈱
946,006N264-FDB,I-0248,100011,㈱上川
947,006N264-FNA,I-0249,100011,㈱上川
948,006N338-02L,I-0250,100005,高木木工㈱
949,006N338-02LMAKUITA-BW,I-0251,#N/A,#N/A
950,006N338-02LMAKUITA-DB,I-0252,#N/A,#N/A
951,006N338-02LMAKUITA-GY,I-0253,#N/A,#N/A
952,006N338-02LMAKUITA-NA,I-0254,#N/A,#N/A
953,006N338-06,I-0255,100005,高木木工㈱
954,006N338-06/07MAKUITA-BW,I-0256,#N/A,#N/A
955,006N338-06/07MAKUITA-DB,I-0257,#N/A,#N/A
956,006N338-06/07MAKUITA-GY,I-0258,#N/A,#N/A
957,006N338-06/07MAKUITA-NA,I-0259,#N/A,#N/A
958,006N338-07,I-0260,100005,高木木工㈱
959,006N338-118,I-0261,100005,高木木工㈱
960,006N338-118/119MAKUITA-BW,I-0262,#N/A,#N/A
961,006N338-118/119MAKUITA-DB,I-0263,#N/A,#N/A
962,006N338-118/119MAKUITA-GY,I-0264,#N/A,#N/A
963,006N338-118/119MAKUITA-NA,I-0265,#N/A,#N/A
964,006N338-119,I-0266,100005,高木木工㈱
965,006N338-17,I-0267,100005,高木木工㈱
966,006N338-17MAKUITA-BW,I-0268,#N/A,#N/A
967,006N338-17MAKUITA-DB,I-0269,#N/A,#N/A
968,006N338-17MAKUITA-GY,I-0270,#N/A,#N/A
969,006N338-17MAKUITA-NA,I-0271,#N/A,#N/A
970,006N338-49,I-0272,100005,高木木工㈱
971,006N338-49/50MAKUITA-BW,I-0273,#N/A,#N/A
972,006N338-49/50MAKUITA-DB,I-0274,#N/A,#N/A
973,006N338-49/50MAKUITA-GY,I-0275,#N/A,#N/A
974,006N338-49/50MAKUITA-NA,I-0276,#N/A,#N/A
975,006N338-50,I-0277,100005,高木木工㈱
976,006N338-ARM,I-0278,100005,高木木工㈱
977,006N338-ARM-DAI,I-0279,100005,高木木工㈱
978,006N494-ｱｼDB,I-0280,100011,㈱上川
979,006N494-ｱｼNA,I-0281,100011,㈱上川
980,006N528-02,I-0282,100019,㈱ティシュラー
981,006N528-02ﾍﾞｰｽ,I-0283,100019,㈱ティシュラー
982,006N528-03,I-0284,100019,㈱ティシュラー
983,006N528-03ﾀﾞｲﾜBW,I-0285,#N/A,#N/A
984,006N528-03ﾀﾞｲﾜDB,I-0286,#N/A,#N/A
985,006N528-03ﾀﾞｲﾜGY,I-0287,#N/A,#N/A
986,006N528-03ﾀﾞｲﾜNA,I-0288,#N/A,#N/A
987,006N528-03ﾍﾞｰｽ,I-0289,100019,㈱ティシュラー
988,006N528-17ﾀﾞｲﾜBW,I-0290,#N/A,#N/A
989,006N528-17ﾀﾞｲﾜDB,I-0291,#N/A,#N/A
990,006N528-17ﾀﾞｲﾜGY,I-0292,#N/A,#N/A
991,006N528-17ﾀﾞｲﾜNA,I-0293,#N/A,#N/A
992,006N528-17ﾍﾞｰｽ,I-0294,100019,㈱ティシュラー
993,006N528-41/42,I-0295,100019,㈱ティシュラー
994,006N528-41/42ﾀﾞｲﾜBW,I-0296,#N/A,#N/A
995,006N528-41/42ﾀﾞｲﾜDB,I-0297,#N/A,#N/A
996,006N528-41/42ﾀﾞｲﾜGY,I-0298,#N/A,#N/A
997,006N528-41/42ﾀﾞｲﾜNA,I-0299,#N/A,#N/A
998,006N528-41/42ﾍﾞｰｽ,I-0300,100019,㈱ティシュラー
999,006N528-41S/42S,I-0301,100019,㈱ティシュラー
1000,006N528-41S/42SﾀﾞｲﾜBW,I-0302,#N/A,#N/A
1001,006N528-41S/42SﾀﾞｲﾜDB,I-0303,#N/A,#N/A
1002,006N528-41S/42SﾀﾞｲﾜGY,I-0304,#N/A,#N/A
1003,006N528-41S/42SﾀﾞｲﾜNA,I-0305,#N/A,#N/A
1004,006N528-41S/42Sﾍﾞｰｽ,I-0306,100019,㈱ティシュラー
1005,006N528-49,I-0307,100019,㈱ティシュラー
1006,006N528-49/50ﾀﾞｲﾜBW,I-0308,#N/A,#N/A
1007,006N528-49/50ﾀﾞｲﾜDB,I-0309,#N/A,#N/A
1008,006N528-49/50ﾀﾞｲﾜGY,I-0310,#N/A,#N/A
1009,006N528-49/50ﾀﾞｲﾜNA,I-0311,#N/A,#N/A
1010,006N528-49/50ﾍﾞｰｽ,I-0312,100019,㈱ティシュラー
1011,006N528-50,I-0313,100019,㈱ティシュラー
1012,006N528-ｱｼBL,I-0314,100049,㈱高畑
1013,006N560-10,I-0315,100005,高木木工㈱
1014,006N560-ｱｼDB,I-0316,100011,㈱上川
1015,006N560-ｱｼNA,I-0317,100011,㈱上川
1016,006N560-ｶｰﾄﾝ,I-0318,100046,愛日木研㈱
1017,006N666-130Aﾄｸ,I-0319,100007,㈲木村ウッドテクノ
1018,006N666-17M,I-0320,100007,㈲木村ウッドテクノ
1019,006N666-17S,I-0321,100007,㈲木村ウッドテクノ
1020,006N666-31ﾋｼﾞ,I-0322,100007,㈲木村ウッドテクノ
1021,006N666-32ﾋｼﾞ,I-0323,100007,㈲木村ウッドテクノ
1022,006N666-ﾋｼﾞA,I-0324,100007,㈲木村ウッドテクノ
1023,006N666-ﾋｼﾞB,I-0325,100007,㈲木村ウッドテクノ
1024,006N666E-118,I-0326,100007,㈲木村ウッドテクノ
1025,006N666E-119,I-0327,100007,㈲木村ウッドテクノ
1026,006N666E-120,I-0328,100007,㈲木村ウッドテクノ
1027,006N666E-140,I-0329,100007,㈲木村ウッドテクノ
1028,006N666E-30,I-0330,100007,㈲木村ウッドテクノ
1029,006N666E-90,I-0331,100007,㈲木村ウッドテクノ
1030,006N666E-90S,I-0332,100007,㈲木村ウッドテクノ
1031,006N749-03,I-0333,100005,高木木工㈱
1032,006N749-49,I-0334,100005,高木木工㈱
1033,006N749-50,I-0335,100005,高木木工㈱
1034,006N749/T969-17,I-0336,100005,高木木工㈱
1035,006N770-17L,I-0337,100005,高木木工㈱
1036,006N770-17S,I-0338,100005,高木木工㈱
1037,006N770-ﾓｸｱｼDB,I-0339,100011,㈱上川
1038,006N770-ﾓｸｱｼNA,I-0340,100011,㈱上川
1039,006N820-17,I-0341,100019,㈱ティシュラー
1040,006N990-17,I-0342,100005,高木木工㈱
1041,006P226-01,I-0343,100005,高木木工㈱
1042,006P226-ｱｼDB,I-0344,100021,㈲志岐家具製作所
1043,006P226-ｱｼNA,I-0345,100021,㈲志岐家具製作所
1044,006P251-17DB,I-0346,100019,㈱ティシュラー
1045,006P251-17NA,I-0347,100019,㈱ティシュラー
1046,006P717-01,I-0348,100007,㈲木村ウッドテクノ
1047,006P717-02,I-0349,100007,㈲木村ウッドテクノ
1048,006P717-ｱｼDB,I-0350,100047,㈲山田木管製作所
1049,006P717-ｱｼNA,I-0351,100047,㈲山田木管製作所
1050,006R240-01,I-0352,100007,㈲木村ウッドテクノ
1051,006S307-48,I-0353,100005,高木木工㈱
1052,006S417-21,I-0354,100005,高木木工㈱
1053,006S417-22,I-0355,100005,高木木工㈱
1054,006S417-23,I-0356,100005,高木木工㈱
1055,006S417-ﾋｼﾞﾍﾟｱ,I-0357,100005,高木木工㈱
1056,006S544-21ﾎﾝﾀｲ,I-0358,100005,高木木工㈱
1057,006S544-22ﾎﾝﾀｲ,I-0359,100005,高木木工㈱
1058,006S544-23ﾎﾝﾀｲ,I-0360,100005,高木木工㈱
1059,006S544-ｱｼｼｮｳL,I-0361,100019,㈱ティシュラー
1060,006S544-ｱｼｼｮｳR,I-0362,100019,㈱ティシュラー
1061,006S544-ｱｼﾀﾞｲL,I-0363,100019,㈱ティシュラー
1062,006S544-ｱｼﾀﾞｲR,I-0364,100019,㈱ティシュラー
1063,006S544-ｶｰﾄﾝ,I-0365,100046,愛日木研㈱
1064,006S544-ﾋｼﾞﾍﾟｱ,I-0366,100005,高木木工㈱
1065,006SLT009-58R,I-0367,100007,㈲木村ウッドテクノ
1066,006SLT009-58RBW,I-0368,100122,吉田木材㈱
1067,006SLT009-58RDB,I-0369,100122,吉田木材㈱
1068,006SLT009-58RGY,I-0370,100122,吉田木材㈱
1069,006SLT009-58RHUTA,I-0371,100122,吉田木材㈱
1070,006SLT009-58RNA,I-0372,100122,吉田木材㈱
1071,006SLT009-88R,I-0373,100007,㈲木村ウッドテクノ
1072,006SLT009-88RBW,I-0374,100122,吉田木材㈱
1073,006SLT009-88RDB,I-0375,100122,吉田木材㈱
1074,006SLT009-88RGY,I-0376,100122,吉田木材㈱
1075,006SLT009-88RHUTA,I-0377,100122,吉田木材㈱
1076,006SLT009-88RNA,I-0378,100122,吉田木材㈱
1077,006SNS-TS2,I-0379,100019,㈱ティシュラー
1078,006SNS-TS2N,I-0380,100019,㈱ティシュラー
1079,006SNS-TS3,I-0381,100019,㈱ティシュラー
1080,006SNS-TS3BN,I-0382,100019,㈱ティシュラー
1081,006SNS-TS3N,I-0383,100019,㈱ティシュラー
1082,006T010-03,I-0384,100007,㈲木村ウッドテクノ
1083,006T010-06,I-0385,100007,㈲木村ウッドテクノ
1084,006T010-06L,I-0386,100007,㈲木村ウッドテクノ
1085,006T010-07,I-0387,100007,㈲木村ウッドテクノ
1086,006T010-07L,I-0388,100007,㈲木村ウッドテクノ
1087,006T010-08,I-0389,100007,㈲木村ウッドテクノ
1088,006T010-09,I-0390,100007,㈲木村ウッドテクノ
1089,006T010-49,I-0391,100007,㈲木村ウッドテクノ
1090,006T010-50,I-0392,100007,㈲木村ウッドテクノ
1091,006T043-01,I-0393,100005,高木木工㈱
1092,006T043-02,I-0394,100005,高木木工㈱
1093,006T043-03,I-0395,100005,高木木工㈱
1094,006T043-ｶｰﾄﾝ,I-0396,100046,愛日木研㈱
1095,006T058-02L/02Dｻﾞ,I-0397,100019,㈱ティシュラー
1096,006T058-02L/02Dｾ,I-0398,100019,㈱ティシュラー
1097,006T058-02ｻﾞ,I-0399,100019,㈱ティシュラー
1098,006T058-02ｾ,I-0400,100019,㈱ティシュラー
1099,006T058-03/02LDｻﾞ,I-0401,100019,㈱ティシュラー
1100,006T058-03/02LDｾ,I-0402,100019,㈱ティシュラー
1101,006T058-03Dｻﾞ,I-0403,100019,㈱ティシュラー
1102,006T058-17L,I-0404,100019,㈱ティシュラー
1103,006T058-ｱｼ1DB,I-0405,100012,㈱朝日相扶製作所
1104,006T058-ｱｼ1NA,I-0406,100012,㈱朝日相扶製作所
1105,006T058-ｱｼ2DB,I-0407,100012,㈱朝日相扶製作所
1106,006T058-ｱｼ2NA,I-0408,100012,㈱朝日相扶製作所
1107,006T058-ﾋｼﾞA,I-0409,100019,㈱ティシュラー
1108,006T058-ﾋｼﾞB,I-0410,100019,㈱ティシュラー
1109,006T058-ﾋｼﾞC/D,I-0411,100019,㈱ティシュラー
1110,006T254-10,I-0412,100019,㈱ティシュラー
1111,006T254-17,I-0413,100019,㈱ティシュラー
1112,006T254-20,I-0414,100019,㈱ティシュラー
1113,006T254-20L,I-0415,100019,㈱ティシュラー
1114,006T254-30,I-0416,100019,㈱ティシュラー
1115,006T254-ｿｺｲﾀ746x12,I-0417,100019,㈱ティシュラー
1116,006T254-ﾋｼﾞL,I-0418,100019,㈱ティシュラー
1117,006T254-ﾋｼﾞR,I-0419,100019,㈱ティシュラー
1118,006T306-10,I-0420,100019,㈱ティシュラー
1119,006T306-20,I-0421,100019,㈱ティシュラー
1120,006T306-30,I-0422,100019,㈱ティシュラー
1121,006T306-40,I-0423,100019,㈱ティシュラー
1122,006T306-ﾋｼﾞﾍﾟｱ,I-0424,100019,㈱ティシュラー
1123,006T323N-01,I-0425,100005,高木木工㈱
1124,006T323N-01L,I-0426,100005,高木木工㈱
1125,006T323N-02,I-0427,100005,高木木工㈱
1126,006T323N-02S,I-0428,100005,高木木工㈱
1127,006T323N-03,I-0429,100005,高木木工㈱
1128,006T323N-06,I-0430,100005,高木木工㈱
1129,006T323N-07,I-0431,100005,高木木工㈱
1130,006T323N-08,I-0432,100005,高木木工㈱
1131,006T323N-09,I-0433,100005,高木木工㈱
1132,006T323N-11,I-0434,100005,高木木工㈱
1133,006T323N-12,I-0435,100005,高木木工㈱
1134,006T323N-15,I-0436,100005,高木木工㈱
1135,006T323N-16,I-0437,100005,高木木工㈱
1136,006T323N-49,I-0438,100005,高木木工㈱
1137,006T323N-49S,I-0439,100005,高木木工㈱
1138,006T323N-50,I-0440,100005,高木木工㈱
1139,006T323N-50S,I-0441,100005,高木木工㈱
1140,006T359-20,I-0442,100005,高木木工㈱
1141,006T359-30,I-0443,100005,高木木工㈱
1142,006T359-ﾋｼﾞﾍﾟｱ,I-0444,100005,高木木工㈱
1143,006T428-01,I-0445,100007,㈲木村ウッドテクノ
1144,006T428-02,I-0446,100007,㈲木村ウッドテクノ
1145,006T428-03,I-0447,100007,㈲木村ウッドテクノ
1146,006T428-17,I-0448,100007,㈲木村ウッドテクノ
1147,006T428-ARM,I-0449,100046,愛日木研㈱
1148,006T428-ARM-L,I-0450,100007,㈲木村ウッドテクノ
1149,006T428-ARM-R,I-0451,100007,㈲木村ウッドテクノ
1150,006T465-17,I-0452,100019,㈱ティシュラー
1151,006T465-20,I-0453,100007,㈲木村ウッドテクノ
1152,006T465-20ﾍｯﾄﾞ,I-0454,100007,㈲木村ウッドテクノ
1153,006T465-30,I-0455,100007,㈲木村ウッドテクノ
1154,006T465-30ﾍｯﾄﾞ,I-0456,100007,㈲木村ウッドテクノ
1155,006T465-ﾋｼﾞL,I-0457,100007,㈲木村ウッドテクノ
1156,006T465-ﾋｼﾞR,I-0458,100007,㈲木村ウッドテクノ
1157,006T517-06,I-0459,100019,㈱ティシュラー
1158,006T517-07,I-0460,100019,㈱ティシュラー
1159,006T517-08,I-0461,100019,㈱ティシュラー
1160,006T517-09,I-0462,100019,㈱ティシュラー
1161,006T517-10,I-0463,100019,㈱ティシュラー
1162,006T517-17L,I-0464,100019,㈱ティシュラー
1163,006T517-17S,I-0465,100019,㈱ティシュラー
1164,006T517-20,I-0466,100019,㈱ティシュラー
1165,006T517-49,I-0467,100019,㈱ティシュラー
1166,006T517-50,I-0468,100019,㈱ティシュラー
1167,006T521-01D,I-0469,100005,高木木工㈱
1168,006T521-01HSE,I-0470,100005,高木木工㈱
1169,006T521-01LSE,I-0471,100005,高木木工㈱
1170,006T521-02D,I-0472,100005,高木木工㈱
1171,006T521-02HSE,I-0473,100005,高木木工㈱
1172,006T521-02LSE,I-0474,100005,高木木工㈱
1173,006T521-03D,I-0475,100005,高木木工㈱
1174,006T521-03HSE,I-0476,100005,高木木工㈱
1175,006T521-03LSE,I-0477,100005,高木木工㈱
1176,006T521-17,I-0478,100005,高木木工㈱
1177,006T523-10,I-0479,100007,㈲木村ウッドテクノ
1178,006T523-110CL/110CRﾄｸ,I-0480,#N/A,#N/A
1179,006T523-17,I-0481,100007,㈲木村ウッドテクノ
1180,006T523-180L/180Rﾄｸ,I-0482,100007,㈲木村ウッドテクノ
1181,006T523-20,I-0483,100007,㈲木村ウッドテクノ
1182,006T523-200CL/200CRﾄｸ,I-0484,#N/A,#N/A
1183,006T523-20L,I-0485,100007,㈲木村ウッドテクノ
1184,006T523-230ﾄｸ,I-0486,100007,㈲木村ウッドテクノ
1185,006T523-31/32,I-0487,100007,㈲木村ウッドテクノ
1186,006T523-31L/32L,I-0488,100007,㈲木村ウッドテクノ
1187,006T523-31Lﾋｼﾞ,I-0489,100007,㈲木村ウッドテクノ
1188,006T523-32Lﾋｼﾞ,I-0490,100007,㈲木村ウッドテクノ
1189,006T523-49/50,I-0491,100007,㈲木村ウッドテクノ
1190,006T523-ﾋｼﾞL,I-0492,100007,㈲木村ウッドテクノ
1191,006T523-ﾋｼﾞR,I-0493,100007,㈲木村ウッドテクノ
1192,006T523E-30,I-0494,100007,㈲木村ウッドテクノ
1193,006T572-08/09,I-0495,100019,㈱ティシュラー
1194,006T572-10,I-0496,100019,㈱ティシュラー
1195,006T572-17,I-0497,100019,㈱ティシュラー
1196,006T572-20,I-0498,100019,㈱ティシュラー
1197,006T572-30/06/07,I-0499,100019,㈱ティシュラー
1198,006T572-400BW,I-0500,100021,㈲志岐家具製作所
1199,006T572-400BW,I-0501,100021,㈲志岐家具製作所
1200,006T572-400DB,I-0502,100021,㈲志岐家具製作所
1201,006T572-400NA,I-0503,100021,㈲志岐家具製作所
1202,006T572-401BW,I-0504,100021,㈲志岐家具製作所
1203,006T572-401NA,I-0505,100021,㈲志岐家具製作所
1204,006T572-402BW,I-0506,100021,㈲志岐家具製作所
1205,006T572-402NA,I-0507,100021,㈲志岐家具製作所
1206,006T572-403BW,I-0508,100021,㈲志岐家具製作所
1207,006T572-403BW,I-0509,100021,㈲志岐家具製作所
1208,006T572-403DB,I-0510,100021,㈲志岐家具製作所
1209,006T572-403DB,I-0511,100021,㈲志岐家具製作所
1210,006T572-403NA,I-0512,100021,㈲志岐家具製作所
1211,006T572-49,I-0513,100019,㈱ティシュラー
1212,006T572-50,I-0514,100019,㈱ティシュラー
1213,006T572-ﾋｼﾞ01L,I-0515,100019,㈱ティシュラー
1214,006T572-ﾋｼﾞ01R,I-0516,100019,㈱ティシュラー
1215,006T572-ﾋｼﾞL,I-0517,100019,㈱ティシュラー
1216,006T572-ﾋｼﾞR,I-0518,100019,㈱ティシュラー
1217,006T623-10,I-0519,100019,㈱ティシュラー
1218,006T623-10/11/12,I-0520,100019,㈱ティシュラー
1219,006T623-17,I-0521,100019,㈱ティシュラー
1220,006T623-20,I-0522,100019,㈱ティシュラー
1221,006T623-30,I-0523,100019,㈱ティシュラー
1222,006T623-49/50,I-0524,100019,㈱ティシュラー
1223,006T623-49S/50S,I-0525,100019,㈱ティシュラー
1224,006T623-ﾋｼﾞL,I-0526,100019,㈱ティシュラー
1225,006T623-ﾋｼﾞR,I-0527,100019,㈱ティシュラー
1226,006T669-03,I-0528,100005,高木木工㈱
1227,006T669-17,I-0529,100005,高木木工㈱
1228,006T723-02ｾﾋｼﾞ,I-0530,100019,㈱ティシュラー
1229,006T723-02ﾍﾞｰｽ,I-0531,100019,㈱ティシュラー
1230,006T723-03ｾﾋｼﾞ,I-0532,100019,㈱ティシュラー
1231,006T723-03ﾍﾞｰｽ,I-0533,100019,㈱ティシュラー
1232,006T723-06ｾﾋｼﾞ,I-0534,100019,㈱ティシュラー
1233,006T723-06ﾍﾞｰｽ,I-0535,100019,㈱ティシュラー
1234,006T723-07ｾﾋｼﾞ,I-0536,100019,㈱ティシュラー
1235,006T723-07ﾍﾞｰｽ,I-0537,100019,㈱ティシュラー
1236,006T723-08ｾﾋｼﾞ,I-0538,100019,㈱ティシュラー
1237,006T723-08ﾍﾞｰｽ,I-0539,100019,㈱ティシュラー
1238,006T723-09ｾﾋｼﾞ,I-0540,100019,㈱ティシュラー
1239,006T723-09ﾍﾞｰｽ,I-0541,100019,㈱ティシュラー
1240,006T723-17,I-0542,100019,㈱ティシュラー
1241,006T723-49ｾﾋｼﾞ,I-0543,100019,㈱ティシュラー
1242,006T723-49ﾍﾞｰｽ,I-0544,100019,㈱ティシュラー
1243,006T723-50ｾﾋｼﾞ,I-0545,100019,㈱ティシュラー
1244,006T723-50ﾍﾞｰｽ,I-0546,100019,㈱ティシュラー
1245,006T725-10,I-0547,100019,㈱ティシュラー
1246,006T725-17L,I-0548,100019,㈱ティシュラー
1247,006T725-17S,I-0549,100019,㈱ティシュラー
1248,006T725-20,I-0550,100019,㈱ティシュラー
1249,006T725-30,I-0551,100019,㈱ティシュラー
1250,006T725-31,I-0552,100019,㈱ティシュラー
1251,006T725-32,I-0553,100019,㈱ティシュラー
1252,006T725-40,I-0554,100019,㈱ティシュラー
1253,006T725-49,I-0555,100019,㈱ティシュラー
1254,006T725-50,I-0556,100019,㈱ティシュラー
1255,006T725-ﾋｼﾞ01L,I-0557,100019,㈱ティシュラー
1256,006T725-ﾋｼﾞ01R,I-0558,100019,㈱ティシュラー
1257,006T725-ﾋｼﾞL,I-0559,100019,㈱ティシュラー
1258,006T725-ﾋｼﾞR,I-0560,100019,㈱ティシュラー
1259,006T748-10,I-0561,100005,高木木工㈱
1260,006T748-20,I-0562,100005,高木木工㈱
1261,006T748-30,I-0563,100005,高木木工㈱
1262,006T748-ﾋｼﾞL,I-0564,100005,高木木工㈱
1263,006T748-ﾋｼﾞR,I-0565,100005,高木木工㈱
1264,006T884-01SE,I-0566,100007,㈲木村ウッドテクノ
1265,006T884-01ZA,I-0567,100007,㈲木村ウッドテクノ
1266,006T884-02SE,I-0568,100007,㈲木村ウッドテクノ
1267,006T884-02ZA,I-0569,100007,㈲木村ウッドテクノ
1268,006T884-03SE,I-0570,100007,㈲木村ウッドテクノ
1269,006T884-03ZA,I-0571,100007,㈲木村ウッドテクノ
1270,006T969-20,I-0572,100007,㈲木村ウッドテクノ
1271,006T969-30,I-0573,100007,㈲木村ウッドテクノ
1272,006T969-49,I-0574,100007,㈲木村ウッドテクノ
1273,006T969-50,I-0575,100007,㈲木村ウッドテクノ
1274,006T969-ﾋｼﾞ,I-0576,100007,㈲木村ウッドテクノ
1275,006TOK-N-10F,I-0577,100019,㈱ティシュラー
1276,006TOK-N-12F,I-0578,100019,㈱ティシュラー
1277,006TOK-N-14F,I-0579,100019,㈱ティシュラー
1278,006TOK-N-16F,I-0580,100019,㈱ティシュラー
1279,006Y296-231,I-0581,100005,高木木工㈱
1280,006Y296-431,I-0582,100005,高木木工㈱
1281,006Y436-011,I-0583,100019,㈱ティシュラー
1282,006Y436-211,I-0584,100019,㈱ティシュラー
1283,006Y436-411,I-0585,100019,㈱ティシュラー
1284,006Y436-611,I-0586,100019,㈱ティシュラー
1285,006Y436-FD,I-0587,100019,㈱ティシュラー
1286,006Y436-FQ,I-0588,100019,㈱ティシュラー
1287,006Y436-FS,I-0589,100019,㈱ティシュラー
1288,006Y436-FSD,I-0590,100019,㈱ティシュラー
1289,006Y436-ｻｲﾄﾞ,I-0591,100019,㈱ティシュラー
1290,006Y528-ｻｲﾄﾞ,I-0592,100007,㈲木村ウッドテクノ
1291,006Y528-ﾌｯﾄD,I-0593,100007,㈲木村ウッドテクノ
1292,006Y528-ﾌｯﾄS,I-0594,100007,㈲木村ウッドテクノ
1293,006Y528-ﾍｯﾄﾞD,I-0595,100007,㈲木村ウッドテクノ
1294,006Y528-ﾍｯﾄﾞS,I-0596,100007,㈲木村ウッドテクノ
1295,006Y610N-ｻｲﾄﾞ,I-0597,100005,高木木工㈱
1296,006Y610N-ﾌｯﾄD,I-0598,100005,高木木工㈱
1297,006Y610N-ﾌｯﾄQ,I-0599,100005,高木木工㈱
1298,006Y610N-ﾌｯﾄS,I-0600,100005,高木木工㈱
1299,006Y610N-ﾌｯﾄSD,I-0601,100005,高木木工㈱
1300,006Y61N-011ﾍｯﾄﾞ,I-0602,100007,㈲木村ウッドテクノ
1301,006Y61N-211ﾍｯﾄﾞ,I-0603,100007,㈲木村ウッドテクノ
1302,006Y61N-411ﾍｯﾄﾞ,I-0604,100007,㈲木村ウッドテクノ
1303,006Y61N-611ﾍｯﾄﾞ,I-0605,100007,㈲木村ウッドテクノ
1304,006Y714-01-10,I-0606,100007,㈲木村ウッドテクノ
1305,006Y714-01-12,I-0607,100007,㈲木村ウッドテクノ
1306,006Y714-03-12,I-0608,100007,㈲木村ウッドテクノ
1307,006Y714-04-10,I-0609,100007,㈲木村ウッドテクノ
1308,006Y714-04-12,I-0610,100007,㈲木村ウッドテクノ
1309,006Y714-04-16,I-0611,100007,㈲木村ウッドテクノ
1310,006Y714-F1,I-0612,100007,㈲木村ウッドテクノ
1311,006Y714-F2,I-0613,100007,㈲木村ウッドテクノ
1312,006Y714-SA,I-0614,100007,㈲木村ウッドテクノ
1313,006Y714-SB,I-0615,100007,㈲木村ウッドテクノ
1314,006Y714-UA-10,I-0616,100007,㈲木村ウッドテクノ
1315,006Y714-UA-12,I-0617,100007,㈲木村ウッドテクノ
1316,006Y714-UA-16,I-0618,100007,㈲木村ウッドテクノ
1317,006Y745-211ﾍｯﾄﾞ,I-0619,100005,高木木工㈱
1318,006Y745-411ﾍｯﾄﾞ,I-0620,100005,高木木工㈱
1319,006ﾓｸｱｼB3-142DB,I-0621,100011,㈱上川
1320,006ﾓｸｱｼB4-123DB,I-0622,100011,㈱上川
1321,006ﾓｸｱｼB5-93DB,I-0623,100011,㈱上川
1322,006LPP-201,I-0624,100007,㈲木村ウッドテクノ
1323,006LPP-202,I-0625,100007,㈲木村ウッドテクノ
1324,006LPP-203,I-0626,100007,㈲木村ウッドテクノ
1325,006LPP-204,I-0627,100007,㈲木村ウッドテクノ
1326,006LPP-205,I-0628,100007,㈲木村ウッドテクノ
1327,006LPP-206,I-0629,100007,㈲木村ウッドテクノ
1328,006LPP-207,I-0630,100007,㈲木村ウッドテクノ
1329,006LPP-208,I-0631,100007,㈲木村ウッドテクノ
1330,006LPP-209,I-0632,100007,㈲木村ウッドテクノ
1331,006LPP-101,I-0633,100007,㈲木村ウッドテクノ
1332,006LPP-102,I-0634,100007,㈲木村ウッドテクノ
1333,006LPP-103,I-0635,100007,㈲木村ウッドテクノ
1334,006LPP-104,I-0636,100007,㈲木村ウッドテクノ
1335,006LPP-105,I-0637,100007,㈲木村ウッドテクノ
1336,006LPP-106,I-0638,100007,㈲木村ウッドテクノ
1337,006LPP-107,I-0639,100007,㈲木村ウッドテクノ
1338,006LPP-108,I-0640,100007,㈲木村ウッドテクノ
1339,006LPP-109,I-0641,100007,㈲木村ウッドテクノ
1340,006LPP-110,I-0642,100007,㈲木村ウッドテクノ
1341,006LPP-111,I-0643,100007,㈲木村ウッドテクノ
1342,006LPP-112,I-0644,100007,㈲木村ウッドテクノ
1343,006LPP-113,I-0645,100007,㈲木村ウッドテクノ
1344,006LPP-114,I-0646,100007,㈲木村ウッドテクノ
1345,0072004-500ｻｲﾄﾞ,J-0001,100009,小野田工業㈱
1346,0072004-501ｻｲﾄﾞB,J-0002,100009,小野田工業㈱
1347,0072004-502ｾﾝﾀｰ,J-0003,100009,小野田工業㈱
1348,0072004-503D,J-0004,100009,小野田工業㈱
1349,0072004-503Q,J-0005,100009,小野田工業㈱
1350,0072004-503S,J-0006,100009,小野田工業㈱
1351,0072004-503SD,J-0007,100009,小野田工業㈱
1352,007CK-1810ﾊﾟｲﾌﾟｱｼ,J-0008,100063,㈱トーヨーイス
1353,007D795-500,J-0009,100006,㈱稲垣工業
1354,007D795-95-400,J-0010,100009,小野田工業㈱
1355,007D795N-500,J-0011,100006,㈱稲垣工業
1356,007D975-ｲﾝｻｰﾄﾊﾟｲﾌﾟ,J-0012,100063,㈱トーヨーイス
1357,007D975N-ｱｼﾊﾟｲﾌﾟ,J-0013,100009,小野田工業㈱
1358,007D975N-ｱｼﾊﾟｲﾌﾟBLﾄｸ,J-0014,100009,小野田工業㈱
1359,007EL025-1140Lﾖｺ,J-0015,100042,㈱ライズ
1360,007EL025-1390Lﾖｺ,J-0016,100042,㈱ライズ
1361,007EL025-1640Lﾖｺ,J-0017,100042,㈱ライズ
1362,007EL025-2340Lﾖｺ,J-0018,100042,㈱ライズ
1363,007EL025-500Lﾖｺ,J-0019,100042,㈱ライズ
1364,007EL025-690Lﾀﾃ,J-0020,100042,㈱ライズ
1365,007EL025N-500ｲﾝｻｰﾄ,J-0021,100006,㈱稲垣工業
1366,007EL025N-502ｲﾝｻｰﾄ,J-0022,100006,㈱稲垣工業
1367,007EL025N-503ｲﾝｻｰﾄ,J-0023,100006,㈱稲垣工業
1368,007EL025N-504ｲﾝｻｰﾄ,J-0024,100006,㈱稲垣工業
1369,007EL030-01ｱｼ,J-0025,100006,㈱稲垣工業
1370,007EL030-02ｱｼ,J-0026,100006,㈱稲垣工業
1371,007EL030-03ｱｼ,J-0027,100006,㈱稲垣工業
1372,007EL030-04ｱｼ,J-0028,100006,㈱稲垣工業
1373,007EL030-06/07ｱｼ,J-0029,100006,㈱稲垣工業
1374,007EL030-08/09ｱｼ,J-0030,100006,㈱稲垣工業
1375,007EL030-08L/09Lｱｼ,J-0031,100006,㈱稲垣工業
1376,007EL030-10ｱｼ,J-0032,100006,㈱稲垣工業
1377,007EL030-11ｱｼ,J-0033,100006,㈱稲垣工業
1378,007EL030-12ｱｼ,J-0034,100006,㈱稲垣工業
1379,007EL030-17Lｱｼ,J-0035,100006,㈱稲垣工業
1380,007EL030-17Sｱｼ,J-0036,100006,㈱稲垣工業
1381,007EL030-40ｱｼ,J-0037,100006,㈱稲垣工業
1382,007EL030-49ｱｼ,J-0038,100006,㈱稲垣工業
1383,007EL030-50ｱｼ,J-0039,100006,㈱稲垣工業
1384,007EL030-ｲﾝｻｰﾄ,J-0040,100006,㈱稲垣工業
1385,007EL030N-01ｲﾝｻｰﾄ,J-0041,100006,㈱稲垣工業
1386,007EL030N-20ｲﾝｻｰﾄ,J-0042,100006,㈱稲垣工業
1387,007EL030N-30ｲﾝｻｰﾄ,J-0043,100006,㈱稲垣工業
1388,007EL030N-40ｲﾝｻｰﾄ,J-0044,100006,㈱稲垣工業
1389,007EL030N-49ｲﾝｻｰﾄ,J-0045,100006,㈱稲垣工業
1390,007EL030N-50ｲﾝｻｰﾄ,J-0046,100006,㈱稲垣工業
1391,007EL100N-01ﾊﾟｲﾌﾟ,J-0047,100006,㈱稲垣工業
1392,007EL100N-01ﾊﾟｲﾌﾟBL,J-0048,100006,㈱稲垣工業
1393,007EL100N-10ﾊﾟｲﾌﾟ,J-0049,100006,㈱稲垣工業
1394,007EL100N-10ﾊﾟｲﾌﾟBL,J-0050,100006,㈱稲垣工業
1395,007EL130-ｲﾝｻｰﾄ,J-0051,100018,富士コーポ㈱
1396,007EL130A-10,J-0052,100042,㈱ライズ
1397,007EL130A-10ﾒｯｷ,J-0053,100043,アサヒ技研工業㈱
1398,007ELBED-ﾊﾟｲﾌﾟｱｼ,J-0054,100006,㈱稲垣工業
1399,007ELBED-ﾎｷｮｳｶﾅｸﾞ,J-0055,100009,小野田工業㈱
1400,007ELT001-1010F,J-0056,100006,㈱稲垣工業
1401,007ELT001-1407F,J-0057,100006,㈱稲垣工業
1402,007ELT001N-11055F,J-0058,100006,㈱稲垣工業
1403,007ELT001N-11055FBL,J-0059,100006,㈱稲垣工業
1404,007ELT001N-8080F,J-0060,100006,㈱稲垣工業
1405,007F242-500,J-0061,100009,小野田工業㈱
1406,007F242-501,J-0062,100009,小野田工業㈱
1407,007F242-501BLﾄｸ,J-0063,100009,小野田工業㈱
1408,007F780-500,J-0064,100009,小野田工業㈱
1409,007F780-501,J-0065,100009,小野田工業㈱
1410,007F780-502,J-0066,100009,小野田工業㈱
1411,007F780-503,J-0067,100009,小野田工業㈱
1412,007H287-10ﾊﾟｲﾌﾟ,J-0068,100008,サンコウ鋼業㈱
1413,007H287-25ﾊﾟｲﾌﾟ,J-0069,100006,㈱稲垣工業
1414,007H287-ﾄﾘﾂｹｶﾅｸﾞ,J-0070,100006,㈱稲垣工業
1415,007HR987N-59,J-0071,100018,富士コーポ㈱
1416,007KL172-03,J-0072,100006,㈱稲垣工業
1417,007KL172-501,J-0073,100009,小野田工業㈱
1418,007N181-ﾋｼﾞﾊﾟｲﾌﾟ,J-0074,100006,㈱稲垣工業
1419,007N181N-R/L,J-0075,100009,小野田工業㈱
1420,007N264-30ZA,J-0076,100127,㈱間瀬鉄工所
1421,007N264-44ZA,J-0077,100127,㈱間瀬鉄工所
1422,007N264-49LZA,J-0078,100127,㈱間瀬鉄工所
1423,007N264-50LZA,J-0079,100127,㈱間瀬鉄工所
1424,007N264-F,J-0080,100009,小野田工業㈱
1425,007N264-PLATE,J-0081,100009,小野田工業㈱
1426,007N338-02L,J-0082,100006,㈱稲垣工業
1427,007N338-06,J-0083,100006,㈱稲垣工業
1428,007N338-07,J-0084,100006,㈱稲垣工業
1429,007N338-118,J-0085,100006,㈱稲垣工業
1430,007N338-119,J-0086,100006,㈱稲垣工業
1431,007N338-17,J-0087,100006,㈱稲垣工業
1432,007N338-49,J-0088,100006,㈱稲垣工業
1433,007N338-50,J-0089,100006,㈱稲垣工業
1434,007N338-F,J-0090,100006,㈱稲垣工業
1435,007N338-PLATE,J-0091,100006,㈱稲垣工業
1436,007N528-ｱｼ,J-0092,100009,小野田工業㈱
1437,007N770-17Lﾌﾚｰﾑ,J-0093,100009,小野田工業㈱
1438,007N770-17Sﾌﾚｰﾑ,J-0094,100009,小野田工業㈱
1439,007N770-ｽﾁｰﾙｱｼ,J-0095,100009,小野田工業㈱
1440,007P231-01ｻﾞﾊﾟｲﾌﾟ,J-0096,100009,小野田工業㈱
1441,007P231-ﾋｼﾞﾊﾟｲﾌﾟ,J-0097,100009,小野田工業㈱
1442,007R121-ﾒｶﾆｽﾞﾑ,J-0098,190004,輸入部材
1443,007S544-214088,J-0099,190004,輸入部材
1444,007S544-238801,J-0100,100059,㈱カナツー
1445,007S544-400,J-0101,100009,小野田工業㈱
1446,007S544-435549,J-0102,100009,小野田工業㈱
1447,007S544-438537,J-0103,190004,輸入部材
1448,007S544-444594,J-0104,190004,輸入部材
1449,007S544-444595,J-0105,190004,輸入部材
1450,007S544-447594,J-0106,190004,輸入部材
1451,007S544-447595,J-0107,190004,輸入部材
1452,007S544-447596,J-0108,190004,輸入部材
1453,007S544-447597,J-0109,190004,輸入部材
1454,007SLT009-58R,J-0110,100009,小野田工業㈱
1455,007SLT009-88R,J-0111,100009,小野田工業㈱
1456,007SOFABED22ﾎｷｮｳ,J-0112,100006,㈱稲垣工業
1457,007SOFABED23ﾎｷｮｳ,J-0113,100006,㈱稲垣工業
1458,007T058-Lｶﾅｸﾞ,J-0114,100009,小野田工業㈱
1459,007T058-ﾊﾟｲﾌﾟｱｼ,J-0115,100006,㈱稲垣工業
1460,007T058-ﾌﾟﾚｰﾄ,J-0116,100009,小野田工業㈱
1461,007T058-ﾎｼﾞｮｱｼBL,J-0117,100006,㈱稲垣工業
1462,007T058-ﾚﾝｹﾂﾌﾟﾚｰﾄ,J-0118,100009,小野田工業㈱
1463,007T465-R/L,J-0119,100065,向陽技研㈱
1464,007T521-01FBZ,J-0120,100042,㈱ライズ
1465,007T521-01FGY,J-0121,100042,㈱ライズ
1466,007T521-02FBZ,J-0122,100042,㈱ライズ
1467,007T521-02FGY,J-0123,100042,㈱ライズ
1468,007T521-03FBZ,J-0124,100042,㈱ライズ
1469,007T521-03FGY,J-0125,100042,㈱ライズ
1470,007T521-17FBZ,J-0126,100042,㈱ライズ
1471,007T521-17FGY,J-0127,100042,㈱ライズ
1472,007T521-ARMBZ,J-0128,100042,㈱ライズ
1473,007T521-ARMGY,J-0129,100042,㈱ライズ
1474,007T669-17ｱｼ,J-0130,100009,小野田工業㈱
1475,007T669-ｱｼ,J-0131,100006,㈱稲垣工業
1476,007T723-ｱｼ,J-0132,100009,小野田工業㈱
1477,007T723-ﾌﾟﾚｰﾄ,J-0133,100009,小野田工業㈱
1478,007Y436-ﾎｷｮｳ,J-0134,100009,小野田工業㈱
1479,007Y528-ｱｼD,J-0135,100009,小野田工業㈱
1480,007Y528-ｱｼS,J-0136,100009,小野田工業㈱
1481,007ｱｰﾑｽﾃｰ,J-0137,100006,㈱稲垣工業
1482,007ｱｼｰ172,J-0138,#N/A,#N/A
1483,007ｶｲﾍｲｶﾅｸﾞ 350176,J-0139,190004,輸入部材
1484,007ｶｲﾍｲｶﾅｸﾞ 350177,J-0140,190004,輸入部材
1485,007ｼﾞｬﾊﾞﾗ5ﾚﾝL,J-0141,100049,㈱高畑
1486,007ｼﾞｬﾊﾞﾗ5ﾚﾝR,J-0142,100049,㈱高畑
1487,007ｼﾞｬﾊﾞﾗｶﾅｸﾞ,J-0143,100009,小野田工業㈱
1488,007ﾎｷｮｳﾌﾟﾚｰﾄ,J-0144,100009,小野田工業㈱
1489,007ﾚﾝｹﾂVBS/PL110,J-0145,190004,輸入部材
1490,009BK-CU4040B,K-0001,100015,㈱アライ
1491,009BK-CU4545B,K-0002,100015,㈱アライ
1492,009BK-CU5050B,K-0003,100015,㈱アライ
1493,009BK-CU5555B,K-0004,100015,㈱アライ
1494,009CN-W920,K-0005,100016,ヒクマ㈱
1495,009EL001-N03ｻﾞ,K-0006,100027,㈱森傳
1496,009EL001-N06/07Lｻﾞ,K-0007,100027,㈱森傳
1497,009EL001-N06/07Sｻﾞ,K-0008,100027,㈱森傳
1498,009EL001-N08/09ｻﾞ,K-0009,100027,㈱森傳
1499,009EL001-N49/50ｻﾞ,K-0010,100027,㈱森傳
1500,009EL003-03ｻﾞ,K-0011,100027,㈱森傳
1501,009EL003N-37,K-0012,100025,シンコー㈱ｲｽﾞﾗｲﾌ
1502,009EL005N-38,K-0013,100027,㈱森傳
1503,009EL008-02ｾ,K-0014,100027,㈱森傳
1504,009EL025-36,K-0015,100027,㈱森傳
1505,009EL025-38,K-0016,100027,㈱森傳
1506,009EL030-35F,K-0017,100027,㈱森傳
1507,009EL030-36F,K-0018,100027,㈱森傳
1508,009EL030-37F,K-0019,100027,㈱森傳
1509,009EL030-38F,K-0020,100027,㈱森傳
1510,009EL900N-17ｻﾞ,K-0021,100027,㈱森傳
1511,009F780-01ZA,K-0022,100027,㈱森傳
1512,009F780-03ZA,K-0023,100027,㈱森傳
1513,009F780-08/09ZA,K-0024,100027,㈱森傳
1514,009F780-11/12ZA,K-0025,100027,㈱森傳
1515,009F780-17LZA,K-0026,100027,㈱森傳
1516,009F780-17SZA,K-0027,100027,㈱森傳
1517,009F780-832/931ZA,K-0028,100027,㈱森傳
1518,009JH-37,K-0029,100015,㈱アライ
1519,009JH-46,K-0030,100015,㈱アライ
1520,009MP-7030,K-0031,100027,㈱森傳
1521,009N068-D-10/11/31,K-0032,100027,㈱森傳
1522,009N068-D-10L/11L/31L/17,K-0033,#N/A,#N/A
1523,009N068-D-17L,K-0034,100027,㈱森傳
1524,009N068-P-10/11/31,K-0035,100027,㈱森傳
1525,009N068-P-10L/11L/31L/17,K-0036,#N/A,#N/A
1526,009N068-P-17L,K-0037,100027,㈱森傳
1527,009N264-01SE,K-0038,100027,㈱森傳
1528,009N264-01ZA,K-0039,100027,㈱森傳
1529,009N264-02SE,K-0040,100027,㈱森傳
1530,009N264-02ZA,K-0041,100027,㈱森傳
1531,009N264-03SE,K-0042,100027,㈱森傳
1532,009N264-03ZA,K-0043,100027,㈱森傳
1533,009N264-17,K-0044,100027,㈱森傳
1534,009N264-17S,K-0045,100027,㈱森傳
1535,009N264-35,K-0046,100027,㈱森傳
1536,009N264-36,K-0047,100027,㈱森傳
1537,009N264-44ZA,K-0048,100027,㈱森傳
1538,009N264-49SZAﾄｸ,K-0049,#N/A,#N/A
1539,009N264-700,K-0050,100027,㈱森傳
1540,009N264-701,K-0051,100027,㈱森傳
1541,009N264-702,K-0052,100027,㈱森傳
1542,009N264-703,K-0053,100027,㈱森傳
1543,009N264-704,K-0054,100027,㈱森傳
1544,009N264-705,K-0055,100027,㈱森傳
1545,009N264-706,K-0056,100027,㈱森傳
1546,009N338-02LSE,K-0057,170010,㈱九州カラーフォーム浮羽工場
1547,009N338-02LZA,K-0058,170010,㈱九州カラーフォーム浮羽工場
1548,009N338-06/07SE,K-0059,170010,㈱九州カラーフォーム浮羽工場
1549,009N338-06/07ZA,K-0060,170010,㈱九州カラーフォーム浮羽工場
1550,009N338-118/119SE,K-0061,170010,㈱九州カラーフォーム浮羽工場
1551,009N338-118/119ZA,K-0062,170010,㈱九州カラーフォーム浮羽工場
1552,009N338-17ZA,K-0063,170010,㈱九州カラーフォーム浮羽工場
1553,009N338-49/50SE,K-0064,170010,㈱九州カラーフォーム浮羽工場
1554,009N338-49/50ZA,K-0065,170010,㈱九州カラーフォーム浮羽工場
1555,009N338-ARM,K-0066,170010,㈱九州カラーフォーム浮羽工場
1556,009N338-ARM-DAI,K-0067,170010,㈱九州カラーフォーム浮羽工場
1557,009N666-35,K-0068,100027,㈱森傳
1558,009N666-37,K-0069,100027,㈱森傳
1559,009N666-38,K-0070,100027,㈱森傳
1560,009N744-35P,K-0071,100027,㈱森傳
1561,009N744-36P,K-0072,100027,㈱森傳
1562,009N744-37P,K-0073,100027,㈱森傳
1563,009N744-38P,K-0074,100027,㈱森傳
1564,009T010-38,K-0075,100027,㈱森傳
1565,009T043E-01ｻﾞ,K-0076,100027,㈱森傳
1566,009T043E-01ｾ,K-0077,100027,㈱森傳
1567,009T043E-02ｻﾞL,K-0078,100027,㈱森傳
1568,009T043E-02ｻﾞR,K-0079,100027,㈱森傳
1569,009T043E-02ｾ,K-0080,100027,㈱森傳
1570,009T043E-03ｻﾞL,K-0081,100027,㈱森傳
1571,009T043E-03ｻﾞR,K-0082,100027,㈱森傳
1572,009T043E-03ｾ,K-0083,100027,㈱森傳
1573,009T043E-ARML,K-0084,100027,㈱森傳
1574,009T043E-ARMR,K-0085,100027,㈱森傳
1575,009T058-022/022LDｻﾞ,K-0086,100027,㈱森傳
1576,009T058-022L/022D/033D(2ｾ,K-0087,#N/A,#N/A
1577,009T058-022Lｻﾞ,K-0088,100027,㈱森傳
1578,009T058-022ｾ,K-0089,100027,㈱森傳
1579,009T058-023Lｻﾞ,K-0090,100027,㈱森傳
1580,009T058-032/032Dｻﾞ,K-0091,100027,㈱森傳
1581,009T058-17Lｻﾞ,K-0092,100027,㈱森傳
1582,009T058-17Sｻﾞ,K-0093,100027,㈱森傳
1583,009T058-26,K-0094,100027,㈱森傳
1584,009T058-ﾋｼﾞL,K-0095,100027,㈱森傳
1585,009T058-ﾋｼﾞR,K-0096,100027,㈱森傳
1586,009T254-20Lｾ,K-0097,100027,㈱森傳
1587,009T254-30ｾ,K-0098,100027,㈱森傳
1588,009T254-ｾ,K-0099,100027,㈱森傳
1589,009T306-01ｻﾞ,K-0100,100027,㈱森傳
1590,009T306-01ｾ,K-0101,100027,㈱森傳
1591,009T306-02ｻﾞL,K-0102,100027,㈱森傳
1592,009T306-02ｻﾞR,K-0103,100027,㈱森傳
1593,009T306-02ｾ,K-0104,100027,㈱森傳
1594,009T306-03ｻﾞL,K-0105,100027,㈱森傳
1595,009T306-03ｻﾞR,K-0106,100027,㈱森傳
1596,009T306-03ｾ,K-0107,100027,㈱森傳
1597,009T306-04ｻﾞL,K-0108,100027,㈱森傳
1598,009T306-04ｻﾞR,K-0109,100027,㈱森傳
1599,009T306-04ｾ,K-0110,100027,㈱森傳
1600,009T306-ARML,K-0111,100027,㈱森傳
1601,009T306-ARMR,K-0112,100027,㈱森傳
1602,009T323-01Lｾ,K-0113,100027,㈱森傳
1603,009T323-01ｾ,K-0114,100027,㈱森傳
1604,009T323-02Sｾ,K-0115,100027,㈱森傳
1605,009T323-03ｾ,K-0116,100027,㈱森傳
1606,009T323-06/07ｾ,K-0117,100027,㈱森傳
1607,009T323-06/07ｾｼｶｸ,K-0118,100027,㈱森傳
1608,009T323-08/09ｾ,K-0119,100027,㈱森傳
1609,009T323-08/09ｾｼｶｸ,K-0120,100027,㈱森傳
1610,009T323-15ｾL,K-0121,100027,㈱森傳
1611,009T323-15ｾR,K-0122,100027,㈱森傳
1612,009T323-16ｾ,K-0123,100027,㈱森傳
1613,009T323H-01Lｾ,K-0124,100027,㈱森傳
1614,009T323H-01ｾ,K-0125,100027,㈱森傳
1615,009T323H-02ｾL,K-0126,100027,㈱森傳
1616,009T323H-02ｾR,K-0127,100027,㈱森傳
1617,009T323H-03ｾL,K-0128,100027,㈱森傳
1618,009T323H-03ｾR,K-0129,100027,㈱森傳
1619,009T323H-06/07ｾ,K-0130,100027,㈱森傳
1620,009T323H-06ｾ,K-0131,100027,㈱森傳
1621,009T323H-07ｾ,K-0132,100027,㈱森傳
1622,009T323H-08/09ｾ,K-0133,100027,㈱森傳
1623,009T323H-15ｾL,K-0134,100027,㈱森傳
1624,009T323H-15ｾR,K-0135,100027,㈱森傳
1625,009T323H-16ｾ,K-0136,100027,㈱森傳
1626,009T428-01-700,K-0137,170010,㈱九州カラーフォーム浮羽工場
1627,009T428-01-701,K-0138,170010,㈱九州カラーフォーム浮羽工場
1628,009T428-01-702,K-0139,170010,㈱九州カラーフォーム浮羽工場
1629,009T428-02-700,K-0140,170010,㈱九州カラーフォーム浮羽工場
1630,009T428-02-701,K-0141,170010,㈱九州カラーフォーム浮羽工場
1631,009T428-02-702,K-0142,170010,㈱九州カラーフォーム浮羽工場
1632,009T428-03-700,K-0143,170010,㈱九州カラーフォーム浮羽工場
1633,009T428-03-701,K-0144,170010,㈱九州カラーフォーム浮羽工場
1634,009T428-03-702,K-0145,170010,㈱九州カラーフォーム浮羽工場
1635,009T428-17-700,K-0146,170010,㈱九州カラーフォーム浮羽工場
1636,009T428-703,K-0147,170010,㈱九州カラーフォーム浮羽工場
1637,009T439-01/03ｾ,K-0148,100027,㈱森傳
1638,009T439-01WA,K-0149,100027,㈱森傳
1639,009T439-02WA,K-0150,100027,㈱森傳
1640,009T439-02ｾ,K-0151,100027,㈱森傳
1641,009T439-03WA,K-0152,100027,㈱森傳
1642,009T439-ARM,K-0153,100027,㈱森傳
1643,009T523-10ｻﾞ,K-0154,100027,㈱森傳
1644,009T523-17ｻﾞ,K-0155,100027,㈱森傳
1645,009T523-180L/180Rﾄｸ,K-0156,100027,㈱森傳
1646,009T523-20Lｻﾞ,K-0157,100027,㈱森傳
1647,009T523-20ｻﾞ,K-0158,100027,㈱森傳
1648,009T523-220L/220Rﾄｸ,K-0159,100027,㈱森傳
1649,009T523-30ｻﾞ,K-0160,100027,㈱森傳
1650,009T523-31/32ｻﾞ,K-0161,100027,㈱森傳
1651,009T523-31L/32Lｻﾞ,K-0162,100027,㈱森傳
1652,009T523-36,K-0163,100027,㈱森傳
1653,009T523-37,K-0164,100027,㈱森傳
1654,009T523-38,K-0165,100027,㈱森傳
1655,009T523-49/50ｻﾞ,K-0166,100027,㈱森傳
1656,009T572-01ｻﾞ,K-0167,100027,㈱森傳
1657,009T572-02ｻﾞ,K-0168,100027,㈱森傳
1658,009T572-03/06/07ｻﾞ,K-0169,100027,㈱森傳
1659,009T572-03/06/07ｾ,K-0170,100027,㈱森傳
1660,009T572-08/09ｻﾞ,K-0171,100027,㈱森傳
1661,009T572-08/09ｾ,K-0172,100027,㈱森傳
1662,009T572-17ｻﾞ,K-0173,100027,㈱森傳
1663,009T572-49ｻﾞ,K-0174,100027,㈱森傳
1664,009T572-50ｻﾞ,K-0175,100027,㈱森傳
1665,009T572-ｾ,K-0176,100027,㈱森傳
1666,009T623-ｾｳｴｼｮｳ,K-0177,100027,㈱森傳
1667,009T623-ｾｳｴﾀﾞｲ,K-0178,100027,㈱森傳
1668,009T623-ｾｳｼﾛｼｮｳ,K-0179,100027,㈱森傳
1669,009T623-ｾｳｼﾛﾀﾞｲ,K-0180,100027,㈱森傳
1670,009T623-ｾｼﾀｼｮｳ,K-0181,100027,㈱森傳
1671,009T623-ｾｼﾀﾀﾞｲ,K-0182,100027,㈱森傳
1672,009T623N-ﾋｼﾞ,K-0183,100027,㈱森傳
1673,009T723-02ZA,K-0184,100027,㈱森傳
1674,009T723-03/08/09ZA,K-0185,100027,㈱森傳
1675,009T723-06/07ZA,K-0186,100027,㈱森傳
1676,009T723-08/09ZA,K-0187,100027,㈱森傳
1677,009T723-17ZA,K-0188,100021,㈲志岐家具製作所
1678,009T723-49/50ZA,K-0189,100027,㈱森傳
1679,009T748-01P,K-0190,100027,㈱森傳
1680,009T748-02P,K-0191,100027,㈱森傳
1681,009T748-03P,K-0192,100027,㈱森傳
1682,009T791-02ｻﾞ,K-0193,100027,㈱森傳
1683,009T791-02ｾ,K-0194,100027,㈱森傳
1684,009T791-03ｻﾞ,K-0195,100027,㈱森傳
1685,009T791-03ｾ,K-0196,100027,㈱森傳
1686,009T884-01PL,K-0197,100027,㈱森傳
1687,009T884-01SE,K-0198,100027,㈱森傳
1688,009T884-02PL,K-0199,100027,㈱森傳
1689,009T884-02SE,K-0200,100027,㈱森傳
1690,009T884-03PL,K-0201,100027,㈱森傳
1691,009T884-03SE,K-0202,100027,㈱森傳
1692,009Y528-D,K-0203,100027,㈱森傳
1693,009Y528-S,K-0204,100027,㈱森傳
1694,009ﾐｸｾﾙ5050CU,K-0205,170010,㈱九州カラーフォーム浮羽工場
1695,010CE221,L-0001,170005,㈱TFJ　（中部ｲﾉｱｯｸ）
1696,010CE223,L-0002,170005,㈱TFJ　（中部ｲﾉｱｯｸ）
1697,010CE225,L-0003,170005,㈱TFJ　（中部ｲﾉｱｯｸ）
1698,010CE311N,L-0004,170005,㈱TFJ　（中部ｲﾉｱｯｸ）
1699,010CE315,L-0005,170005,㈱TFJ　（中部ｲﾉｱｯｸ）
1700,010CE881,L-0006,170005,㈱TFJ　（中部ｲﾉｱｯｸ）
1701,010CE885,L-0007,170005,㈱TFJ　（中部ｲﾉｱｯｸ）
1702,010CN-W922,L-0008,170005,㈱TFJ　（中部ｲﾉｱｯｸ）
1703,010D296-01,L-0009,170005,㈱TFJ　（中部ｲﾉｱｯｸ）
1704,010D296-10,L-0010,170005,㈱TFJ　（中部ｲﾉｱｯｸ）
1705,010D330-01,L-0011,170005,㈱TFJ　（中部ｲﾉｱｯｸ）
1706,010D528-10,L-0012,170005,㈱TFJ　（中部ｲﾉｱｯｸ）
1707,010D543-10,L-0013,170005,㈱TFJ　（中部ｲﾉｱｯｸ）
1708,010EL003-02TN,L-0014,170005,㈱TFJ　（中部ｲﾉｱｯｸ）
1709,010EL003-03TN,L-0015,170005,㈱TFJ　（中部ｲﾉｱｯｸ）
1710,010EL030N-03,L-0016,170005,㈱TFJ　（中部ｲﾉｱｯｸ）
1711,010EL030N-04,L-0017,170005,㈱TFJ　（中部ｲﾉｱｯｸ）
1712,010EL030N-07,L-0018,170005,㈱TFJ　（中部ｲﾉｱｯｸ）
1713,010EL030N-08,L-0019,170005,㈱TFJ　（中部ｲﾉｱｯｸ）
1714,010EL030N-09L,L-0020,170005,㈱TFJ　（中部ｲﾉｱｯｸ）
1715,010EL030N-17L,L-0021,170005,㈱TFJ　（中部ｲﾉｱｯｸ）
1716,010EL030N-17S,L-0022,170005,㈱TFJ　（中部ｲﾉｱｯｸ）
1717,010EL030N-36,L-0023,170005,㈱TFJ　（中部ｲﾉｱｯｸ）
1718,010EL030N-37,L-0024,170005,㈱TFJ　（中部ｲﾉｱｯｸ）
1719,010EL030N-38,L-0025,170005,㈱TFJ　（中部ｲﾉｱｯｸ）
1720,010EL030N-40,L-0026,170005,㈱TFJ　（中部ｲﾉｱｯｸ）
1721,010EL030N-49,L-0027,170005,㈱TFJ　（中部ｲﾉｱｯｸ）
1722,010EL030N-50,L-0028,170005,㈱TFJ　（中部ｲﾉｱｯｸ）
1723,010EL502-01,L-0029,170005,㈱TFJ　（中部ｲﾉｱｯｸ）
1724,010ERM-35 D,L-0030,170009,㈱東日本イノアック
1725,010ERM-35 S,L-0031,170009,㈱東日本イノアック
1726,010ERM-35 SD,L-0032,170009,㈱東日本イノアック
1727,010F242-03,L-0033,170005,㈱TFJ　（中部ｲﾉｱｯｸ）
1728,010F242-08,L-0034,170005,㈱TFJ　（中部ｲﾉｱｯｸ）
1729,010F242-09,L-0035,170005,㈱TFJ　（中部ｲﾉｱｯｸ）
1730,010F242-17L,L-0036,170005,㈱TFJ　（中部ｲﾉｱｯｸ）
1731,010F756-08,L-0037,170005,㈱TFJ　（中部ｲﾉｱｯｸ）
1732,010F756N-08,L-0038,170005,㈱TFJ　（中部ｲﾉｱｯｸ）
1733,010F756N-20,L-0039,170005,㈱TFJ　（中部ｲﾉｱｯｸ）
1734,010F780-03,L-0040,170005,㈱TFJ　（中部ｲﾉｱｯｸ）
1735,010F780-08,L-0041,170005,㈱TFJ　（中部ｲﾉｱｯｸ）
1736,010F780-09,L-0042,170005,㈱TFJ　（中部ｲﾉｱｯｸ）
1737,010F780-17L,L-0043,170005,㈱TFJ　（中部ｲﾉｱｯｸ）
1738,010F780-17S,L-0044,170005,㈱TFJ　（中部ｲﾉｱｯｸ）
1739,010F780-832,L-0045,170005,㈱TFJ　（中部ｲﾉｱｯｸ）
1740,010F780-931,L-0046,170005,㈱TFJ　（中部ｲﾉｱｯｸ）
1741,010H287-10,L-0047,170005,㈱TFJ　（中部ｲﾉｱｯｸ）
1742,010H287-17,L-0048,170005,㈱TFJ　（中部ｲﾉｱｯｸ）
1743,010H287-25,L-0049,170005,㈱TFJ　（中部ｲﾉｱｯｸ）
1744,010H287-60,L-0050,170005,㈱TFJ　（中部ｲﾉｱｯｸ）
1745,010HFS-10M,L-0051,170005,㈱TFJ　（中部ｲﾉｱｯｸ）
1746,010HR987-59,L-0052,170005,㈱TFJ　（中部ｲﾉｱｯｸ）
1747,010L480-CB,L-0053,170005,㈱TFJ　（中部ｲﾉｱｯｸ）
1748,010N068-10,L-0054,170005,㈱TFJ　（中部ｲﾉｱｯｸ）
1749,010N068-10L,L-0055,170005,㈱TFJ　（中部ｲﾉｱｯｸ）
1750,010N068-11,L-0056,170005,㈱TFJ　（中部ｲﾉｱｯｸ）
1751,010N068-11L,L-0057,170005,㈱TFJ　（中部ｲﾉｱｯｸ）
1752,010N068-12,L-0058,170005,㈱TFJ　（中部ｲﾉｱｯｸ）
1753,010N068-32,L-0059,170005,㈱TFJ　（中部ｲﾉｱｯｸ）
1754,010N068S-10L,L-0060,170005,㈱TFJ　（中部ｲﾉｱｯｸ）
1755,010N068S-11,L-0061,170005,㈱TFJ　（中部ｲﾉｱｯｸ）
1756,010N068S-32,L-0062,170005,㈱TFJ　（中部ｲﾉｱｯｸ）
1757,010N181E-01,L-0063,170005,㈱TFJ　（中部ｲﾉｱｯｸ）
1758,010N181E-03,L-0064,170005,㈱TFJ　（中部ｲﾉｱｯｸ）
1759,010N181E-10,L-0065,170005,㈱TFJ　（中部ｲﾉｱｯｸ）
1760,010N181E-11,L-0066,170005,㈱TFJ　（中部ｲﾉｱｯｸ）
1761,010N181E-12,L-0067,170005,㈱TFJ　（中部ｲﾉｱｯｸ）
1762,010N264-02,L-0068,170005,㈱TFJ　（中部ｲﾉｱｯｸ）
1763,010N264-03,L-0069,170005,㈱TFJ　（中部ｲﾉｱｯｸ）
1764,010N264-06,L-0070,170005,㈱TFJ　（中部ｲﾉｱｯｸ）
1765,010N264-07,L-0071,170005,㈱TFJ　（中部ｲﾉｱｯｸ）
1766,010N264-17,L-0072,170005,㈱TFJ　（中部ｲﾉｱｯｸ）
1767,010N264-17S,L-0073,170005,㈱TFJ　（中部ｲﾉｱｯｸ）
1768,010N264-20,L-0074,170005,㈱TFJ　（中部ｲﾉｱｯｸ）
1769,010N264-30,L-0075,170005,㈱TFJ　（中部ｲﾉｱｯｸ）
1770,010N264-36,L-0076,170005,㈱TFJ　（中部ｲﾉｱｯｸ）
1771,010N264-41,L-0077,170005,㈱TFJ　（中部ｲﾉｱｯｸ）
1772,010N264-49L,L-0078,170005,㈱TFJ　（中部ｲﾉｱｯｸ）
1773,010N264-49S,L-0079,170005,㈱TFJ　（中部ｲﾉｱｯｸ）
1774,010N264-49Sﾄｸ,L-0080,170005,㈱TFJ　（中部ｲﾉｱｯｸ）
1775,010N264-50L,L-0081,170005,㈱TFJ　（中部ｲﾉｱｯｸ）
1776,010N264-50S,L-0082,170005,㈱TFJ　（中部ｲﾉｱｯｸ）
1777,010N338-02L,L-0083,170005,㈱TFJ　（中部ｲﾉｱｯｸ）
1778,010N338-06,L-0084,170005,㈱TFJ　（中部ｲﾉｱｯｸ）
1779,010N338-07,L-0085,170005,㈱TFJ　（中部ｲﾉｱｯｸ）
1780,010N338-118,L-0086,170005,㈱TFJ　（中部ｲﾉｱｯｸ）
1781,010N338-17,L-0087,170005,㈱TFJ　（中部ｲﾉｱｯｸ）
1782,010N338-49,L-0088,170005,㈱TFJ　（中部ｲﾉｱｯｸ）
1783,010N338-50,L-0089,170005,㈱TFJ　（中部ｲﾉｱｯｸ）
1784,010N528-02,L-0090,170005,㈱TFJ　（中部ｲﾉｱｯｸ）
1785,010N528-03,L-0091,170005,㈱TFJ　（中部ｲﾉｱｯｸ）
1786,010N528-17,L-0092,170005,㈱TFJ　（中部ｲﾉｱｯｸ）
1787,010N528-26,L-0093,170005,㈱TFJ　（中部ｲﾉｱｯｸ）
1788,010N528-41,L-0094,170005,㈱TFJ　（中部ｲﾉｱｯｸ）
1789,010N528-41S,L-0095,170005,㈱TFJ　（中部ｲﾉｱｯｸ）
1790,010N528-42,L-0096,170005,㈱TFJ　（中部ｲﾉｱｯｸ）
1791,010N528-42S,L-0097,170005,㈱TFJ　（中部ｲﾉｱｯｸ）
1792,010N528-49,L-0098,170005,㈱TFJ　（中部ｲﾉｱｯｸ）
1793,010N528-50,L-0099,170005,㈱TFJ　（中部ｲﾉｱｯｸ）
1794,010N560-10,L-0100,170005,㈱TFJ　（中部ｲﾉｱｯｸ）
1795,010N561-10,L-0101,170005,㈱TFJ　（中部ｲﾉｱｯｸ）
1796,010N666-142AB,L-0102,170005,㈱TFJ　（中部ｲﾉｱｯｸ）
1797,010N666CHE-03BT,L-0103,170005,㈱TFJ　（中部ｲﾉｱｯｸ）
1798,010N666CHE-119B,L-0104,170005,㈱TFJ　（中部ｲﾉｱｯｸ）
1799,010N666CHE-130A,L-0105,170005,㈱TFJ　（中部ｲﾉｱｯｸ）
1800,010N666CHE-142A,L-0106,170005,㈱TFJ　（中部ｲﾉｱｯｸ）
1801,010N666CHE-17M,L-0107,170005,㈱TFJ　（中部ｲﾉｱｯｸ）
1802,010N666CHE-17S,L-0108,170005,㈱TFJ　（中部ｲﾉｱｯｸ）
1803,010N666CHE-17ST,L-0109,170005,㈱TFJ　（中部ｲﾉｱｯｸ）
1804,010N666CHE-31,L-0110,170005,㈱TFJ　（中部ｲﾉｱｯｸ）
1805,010N666CHE-31L,L-0111,170005,㈱TFJ　（中部ｲﾉｱｯｸ）
1806,010N666CHE-32,L-0112,170005,㈱TFJ　（中部ｲﾉｱｯｸ）
1807,010N666CHE-90,L-0113,170005,㈱TFJ　（中部ｲﾉｱｯｸ）
1808,010N666CHE-90S,L-0114,170005,㈱TFJ　（中部ｲﾉｱｯｸ）
1809,010N666CHE-91B,L-0115,170005,㈱TFJ　（中部ｲﾉｱｯｸ）
1810,010N666CHE-92A,L-0116,170005,㈱TFJ　（中部ｲﾉｱｯｸ）
1811,010N666CSW-02A,L-0117,170005,㈱TFJ　（中部ｲﾉｱｯｸ）
1812,010N666CSW-119B,L-0118,170005,㈱TFJ　（中部ｲﾉｱｯｸ）
1813,010N666CSW-121AT,L-0119,170005,㈱TFJ　（中部ｲﾉｱｯｸ）
1814,010N666CSW-121B,L-0120,170005,㈱TFJ　（中部ｲﾉｱｯｸ）
1815,010N666CSW-141A,L-0121,170005,㈱TFJ　（中部ｲﾉｱｯｸ）
1816,010N666CSW-142B,L-0122,170005,㈱TFJ　（中部ｲﾉｱｯｸ）
1817,010N666CSW-90,L-0123,170005,㈱TFJ　（中部ｲﾉｱｯｸ）
1818,010N666CSW-90S,L-0124,170005,㈱TFJ　（中部ｲﾉｱｯｸ）
1819,010N666E-38,L-0125,170005,㈱TFJ　（中部ｲﾉｱｯｸ）
1820,010N744-07T,L-0126,170005,㈱TFJ　（中部ｲﾉｱｯｸ）
1821,010N744-25T,L-0127,170005,㈱TFJ　（中部ｲﾉｱｯｸ）
1822,010N744-50T,L-0128,170005,㈱TFJ　（中部ｲﾉｱｯｸ）
1823,010N770-17L,L-0129,170005,㈱TFJ　（中部ｲﾉｱｯｸ）
1824,010N770-17S,L-0130,170005,㈱TFJ　（中部ｲﾉｱｯｸ）
1825,010N820-17,L-0131,170005,㈱TFJ　（中部ｲﾉｱｯｸ）
1826,010N900-17,L-0132,170005,㈱TFJ　（中部ｲﾉｱｯｸ）
1827,010N990-17,L-0133,170005,㈱TFJ　（中部ｲﾉｱｯｸ）
1828,010P226-01,L-0134,170005,㈱TFJ　（中部ｲﾉｱｯｸ）
1829,010P231-01,L-0135,170005,㈱TFJ　（中部ｲﾉｱｯｸ）
1830,010P251-17,L-0136,170005,㈱TFJ　（中部ｲﾉｱｯｸ）
1831,010P717-01,L-0137,170005,㈱TFJ　（中部ｲﾉｱｯｸ）
1832,010P851-01,L-0138,170005,㈱TFJ　（中部ｲﾉｱｯｸ）
1833,010P851-ﾋｼﾞ,L-0139,170005,㈱TFJ　（中部ｲﾉｱｯｸ）
1834,010R240-01,L-0140,170005,㈱TFJ　（中部ｲﾉｱｯｸ）
1835,010R240-ﾋｼﾞ,L-0141,170005,㈱TFJ　（中部ｲﾉｱｯｸ）
1836,010S307-48,L-0142,170005,㈱TFJ　（中部ｲﾉｱｯｸ）
1837,010S398-21,L-0143,170005,㈱TFJ　（中部ｲﾉｱｯｸ）
1838,010S398-22,L-0144,170005,㈱TFJ　（中部ｲﾉｱｯｸ）
1839,010S417-21,L-0145,170005,㈱TFJ　（中部ｲﾉｱｯｸ）
1840,010S417-22,L-0146,170005,㈱TFJ　（中部ｲﾉｱｯｸ）
1841,010SNS-TS2,L-0147,170005,㈱TFJ　（中部ｲﾉｱｯｸ）
1842,010SNS-TS2N,L-0148,170005,㈱TFJ　（中部ｲﾉｱｯｸ）
1843,010SNS-TS3,L-0149,170005,㈱TFJ　（中部ｲﾉｱｯｸ）
1844,010SNS-TS3BN,L-0150,170005,㈱TFJ　（中部ｲﾉｱｯｸ）
1845,010SNS-TS3N,L-0151,170005,㈱TFJ　（中部ｲﾉｱｯｸ）
1846,010T010H-03,L-0152,170005,㈱TFJ　（中部ｲﾉｱｯｸ）
1847,010T010H-06L,L-0153,170005,㈱TFJ　（中部ｲﾉｱｯｸ）
1848,010T010H-07L,L-0154,170005,㈱TFJ　（中部ｲﾉｱｯｸ）
1849,010T010H-07S,L-0155,170005,㈱TFJ　（中部ｲﾉｱｯｸ）
1850,010T010H-08,L-0156,170005,㈱TFJ　（中部ｲﾉｱｯｸ）
1851,010T010H-49,L-0157,170005,㈱TFJ　（中部ｲﾉｱｯｸ）
1852,010T010H-50T,L-0158,170005,㈱TFJ　（中部ｲﾉｱｯｸ）
1853,010T010S-07S,L-0159,170005,㈱TFJ　（中部ｲﾉｱｯｸ）
1854,010T043W-01,L-0160,170005,㈱TFJ　（中部ｲﾉｱｯｸ）
1855,010T043W-02,L-0161,170005,㈱TFJ　（中部ｲﾉｱｯｸ）
1856,010T043W-02T,L-0162,170005,㈱TFJ　（中部ｲﾉｱｯｸ）
1857,010T043W-03,L-0163,170005,㈱TFJ　（中部ｲﾉｱｯｸ）
1858,010T043W-03T,L-0164,170005,㈱TFJ　（中部ｲﾉｱｯｸ）
1859,010T058H-023LA,L-0165,170005,㈱TFJ　（中部ｲﾉｱｯｸ）
1860,010T306E-01,L-0166,170005,㈱TFJ　（中部ｲﾉｱｯｸ）
1861,010T306E-02,L-0167,170005,㈱TFJ　（中部ｲﾉｱｯｸ）
1862,010T306E-03,L-0168,170005,㈱TFJ　（中部ｲﾉｱｯｸ）
1863,010T306E-03T,L-0169,170005,㈱TFJ　（中部ｲﾉｱｯｸ）
1864,010T306E-04T,L-0170,170005,㈱TFJ　（中部ｲﾉｱｯｸ）
1865,010T323HN-02,L-0171,170005,㈱TFJ　（中部ｲﾉｱｯｸ）
1866,010T323HN-07,L-0172,170005,㈱TFJ　（中部ｲﾉｱｯｸ）
1867,010T323HN-49S,L-0173,170005,㈱TFJ　（中部ｲﾉｱｯｸ）
1868,010T323N-01,L-0174,170005,㈱TFJ　（中部ｲﾉｱｯｸ）
1869,010T323N-02,L-0175,170005,㈱TFJ　（中部ｲﾉｱｯｸ）
1870,010T323N-02S,L-0176,170005,㈱TFJ　（中部ｲﾉｱｯｸ）
1871,010T323N-02T,L-0177,170005,㈱TFJ　（中部ｲﾉｱｯｸ）
1872,010T323N-03,L-0178,170005,㈱TFJ　（中部ｲﾉｱｯｸ）
1873,010T323N-06,L-0179,170005,㈱TFJ　（中部ｲﾉｱｯｸ）
1874,010T323N-50,L-0180,170005,㈱TFJ　（中部ｲﾉｱｯｸ）
1875,010T323N-50S,L-0181,170005,㈱TFJ　（中部ｲﾉｱｯｸ）
1876,010T428-01,L-0182,170005,㈱TFJ　（中部ｲﾉｱｯｸ）
1877,010T428-02,L-0183,170005,㈱TFJ　（中部ｲﾉｱｯｸ）
1878,010T428-03,L-0184,170005,㈱TFJ　（中部ｲﾉｱｯｸ）
1879,010T428-17,L-0185,170005,㈱TFJ　（中部ｲﾉｱｯｸ）
1880,010T439-03T,L-0186,170005,㈱TFJ　（中部ｲﾉｱｯｸ）
1881,010T465-02,L-0187,170005,㈱TFJ　（中部ｲﾉｱｯｸ）
1882,010T517-09,L-0188,170005,㈱TFJ　（中部ｲﾉｱｯｸ）
1883,010T517-17L,L-0189,170005,㈱TFJ　（中部ｲﾉｱｯｸ）
1884,010T517-17S,L-0190,170005,㈱TFJ　（中部ｲﾉｱｯｸ）
1885,010T517-20,L-0191,170005,㈱TFJ　（中部ｲﾉｱｯｸ）
1886,010T517N-06,L-0192,170005,㈱TFJ　（中部ｲﾉｱｯｸ）
1887,010T517N-07,L-0193,170005,㈱TFJ　（中部ｲﾉｱｯｸ）
1888,010T517N-08,L-0194,170005,㈱TFJ　（中部ｲﾉｱｯｸ）
1889,010T517N-09,L-0195,170005,㈱TFJ　（中部ｲﾉｱｯｸ）
1890,010T517N-10,L-0196,170005,㈱TFJ　（中部ｲﾉｱｯｸ）
1891,010T517N-49,L-0197,170005,㈱TFJ　（中部ｲﾉｱｯｸ）
1892,010T517N-50,L-0198,170005,㈱TFJ　（中部ｲﾉｱｯｸ）
1893,010T521-01H,L-0199,170005,㈱TFJ　（中部ｲﾉｱｯｸ）
1894,010T521-01L,L-0200,170005,㈱TFJ　（中部ｲﾉｱｯｸ）
1895,010T521-02L,L-0201,170005,㈱TFJ　（中部ｲﾉｱｯｸ）
1896,010T521-03H,L-0202,170005,㈱TFJ　（中部ｲﾉｱｯｸ）
1897,010T521-03L,L-0203,170005,㈱TFJ　（中部ｲﾉｱｯｸ）
1898,010T521-17,L-0204,170005,㈱TFJ　（中部ｲﾉｱｯｸ）
1899,010T523H-02,L-0205,170005,㈱TFJ　（中部ｲﾉｱｯｸ）
1900,010T523H-02L,L-0206,170005,㈱TFJ　（中部ｲﾉｱｯｸ）
1901,010T523H-03,L-0207,170005,㈱TFJ　（中部ｲﾉｱｯｸ）
1902,010T523H-06,L-0208,170005,㈱TFJ　（中部ｲﾉｱｯｸ）
1903,010T523H-07,L-0209,170005,㈱TFJ　（中部ｲﾉｱｯｸ）
1904,010T523H-08,L-0210,170005,㈱TFJ　（中部ｲﾉｱｯｸ）
1905,010T523H-09,L-0211,170005,㈱TFJ　（中部ｲﾉｱｯｸ）
1906,010T523H-09T,L-0212,170005,㈱TFJ　（中部ｲﾉｱｯｸ）
1907,010T523H-10,L-0213,170005,㈱TFJ　（中部ｲﾉｱｯｸ）
1908,010T523H-110CRﾄｸ,L-0214,170005,㈱TFJ　（中部ｲﾉｱｯｸ）
1909,010T523H-17,L-0215,170005,㈱TFJ　（中部ｲﾉｱｯｸ）
1910,010T523H-180R,L-0216,170005,㈱TFJ　（中部ｲﾉｱｯｸ）
1911,010T523H-230,L-0217,170005,㈱TFJ　（中部ｲﾉｱｯｸ）
1912,010T523H-31L,L-0218,170005,㈱TFJ　（中部ｲﾉｱｯｸ）
1913,010T523H-32,L-0219,170005,㈱TFJ　（中部ｲﾉｱｯｸ）
1914,010T523H-49,L-0220,170005,㈱TFJ　（中部ｲﾉｱｯｸ）
1915,010T523H-50,L-0221,170005,㈱TFJ　（中部ｲﾉｱｯｸ）
1916,010T523H-931,L-0222,170005,㈱TFJ　（中部ｲﾉｱｯｸ）
1917,010T523S-03,L-0223,170005,㈱TFJ　（中部ｲﾉｱｯｸ）
1918,010T523S-06,L-0224,170005,㈱TFJ　（中部ｲﾉｱｯｸ）
1919,010T523S-07,L-0225,170005,㈱TFJ　（中部ｲﾉｱｯｸ）
1920,010T523S-08,L-0226,170005,㈱TFJ　（中部ｲﾉｱｯｸ）
1921,010T523S-09,L-0227,170005,㈱TFJ　（中部ｲﾉｱｯｸ）
1922,010T523S-11,L-0228,170005,㈱TFJ　（中部ｲﾉｱｯｸ）
1923,010T523S-17,L-0229,170005,㈱TFJ　（中部ｲﾉｱｯｸ）
1924,010T523S-180L,L-0230,170005,㈱TFJ　（中部ｲﾉｱｯｸ）
1925,010T523S-220R,L-0231,170005,㈱TFJ　（中部ｲﾉｱｯｸ）
1926,010T523S-32,L-0232,170005,㈱TFJ　（中部ｲﾉｱｯｸ）
1927,010T523S-32L,L-0233,170005,㈱TFJ　（中部ｲﾉｱｯｸ）
1928,010T523S-49,L-0234,170005,㈱TFJ　（中部ｲﾉｱｯｸ）
1929,010T523S-50,L-0235,170005,㈱TFJ　（中部ｲﾉｱｯｸ）
1930,010T572-02T,L-0236,170005,㈱TFJ　（中部ｲﾉｱｯｸ）
1931,010T572-03,L-0237,170005,㈱TFJ　（中部ｲﾉｱｯｸ）
1932,010T572-06T,L-0238,170005,㈱TFJ　（中部ｲﾉｱｯｸ）
1933,010T572-50,L-0239,170005,㈱TFJ　（中部ｲﾉｱｯｸ）
1934,010T572-50T,L-0240,170005,㈱TFJ　（中部ｲﾉｱｯｸ）
1935,010T623-17,L-0241,170005,㈱TFJ　（中部ｲﾉｱｯｸ）
1936,010T623-49S,L-0242,170005,㈱TFJ　（中部ｲﾉｱｯｸ）
1937,010T623-50S,L-0243,170005,㈱TFJ　（中部ｲﾉｱｯｸ）
1938,010T623H-01,L-0244,170005,㈱TFJ　（中部ｲﾉｱｯｸ）
1939,010T623H-02,L-0245,170005,㈱TFJ　（中部ｲﾉｱｯｸ）
1940,010T623H-03,L-0246,170005,㈱TFJ　（中部ｲﾉｱｯｸ）
1941,010T623H-06,L-0247,170005,㈱TFJ　（中部ｲﾉｱｯｸ）
1942,010T623H-07,L-0248,170005,㈱TFJ　（中部ｲﾉｱｯｸ）
1943,010T623H-09,L-0249,170005,㈱TFJ　（中部ｲﾉｱｯｸ）
1944,010T623H-17,L-0250,170005,㈱TFJ　（中部ｲﾉｱｯｸ）
1945,010T623H-49S,L-0251,170005,㈱TFJ　（中部ｲﾉｱｯｸ）
1946,010T623H-50S,L-0252,170005,㈱TFJ　（中部ｲﾉｱｯｸ）
1947,010T623N-02N,L-0253,170005,㈱TFJ　（中部ｲﾉｱｯｸ）
1948,010T623N-03N,L-0254,170005,㈱TFJ　（中部ｲﾉｱｯｸ）
1949,010T623N-07N,L-0255,170005,㈱TFJ　（中部ｲﾉｱｯｸ）
1950,010T623N-08N,L-0256,170005,㈱TFJ　（中部ｲﾉｱｯｸ）
1951,010T650-01T,L-0257,170005,㈱TFJ　（中部ｲﾉｱｯｸ）
1952,010T650-03T,L-0258,170005,㈱TFJ　（中部ｲﾉｱｯｸ）
1953,010T662-03,L-0259,170005,㈱TFJ　（中部ｲﾉｱｯｸ）
1954,010T669-17,L-0260,170005,㈱TFJ　（中部ｲﾉｱｯｸ）
1955,010T723-02,L-0261,170005,㈱TFJ　（中部ｲﾉｱｯｸ）
1956,010T723-03,L-0262,170005,㈱TFJ　（中部ｲﾉｱｯｸ）
1957,010T723-06,L-0263,170005,㈱TFJ　（中部ｲﾉｱｯｸ）
1958,010T723-07,L-0264,170005,㈱TFJ　（中部ｲﾉｱｯｸ）
1959,010T723-08,L-0265,170005,㈱TFJ　（中部ｲﾉｱｯｸ）
1960,010T723-09,L-0266,170005,㈱TFJ　（中部ｲﾉｱｯｸ）
1961,010T723-17,L-0267,170005,㈱TFJ　（中部ｲﾉｱｯｸ）
1962,010T723-49,L-0268,170005,㈱TFJ　（中部ｲﾉｱｯｸ）
1963,010T723-50,L-0269,170005,㈱TFJ　（中部ｲﾉｱｯｸ）
1964,010T725N-01,L-0270,170005,㈱TFJ　（中部ｲﾉｱｯｸ）
1965,010T725N-03,L-0271,170005,㈱TFJ　（中部ｲﾉｱｯｸ）
1966,010T725N-06,L-0272,170005,㈱TFJ　（中部ｲﾉｱｯｸ）
1967,010T725N-07,L-0273,170005,㈱TFJ　（中部ｲﾉｱｯｸ）
1968,010T725N-08,L-0274,170005,㈱TFJ　（中部ｲﾉｱｯｸ）
1969,010T725N-08L,L-0275,170005,㈱TFJ　（中部ｲﾉｱｯｸ）
1970,010T725N-09,L-0276,170005,㈱TFJ　（中部ｲﾉｱｯｸ）
1971,010T725N-09L,L-0277,170005,㈱TFJ　（中部ｲﾉｱｯｸ）
1972,010T725N-17L,L-0278,170005,㈱TFJ　（中部ｲﾉｱｯｸ）
1973,010T725N-17S,L-0279,170005,㈱TFJ　（中部ｲﾉｱｯｸ）
1974,010T725N-32,L-0280,170005,㈱TFJ　（中部ｲﾉｱｯｸ）
1975,010T725N-49,L-0281,170005,㈱TFJ　（中部ｲﾉｱｯｸ）
1976,010T725N-50,L-0282,170005,㈱TFJ　（中部ｲﾉｱｯｸ）
1977,010T745-03HT,L-0283,170005,㈱TFJ　（中部ｲﾉｱｯｸ）
1978,010T748-03,L-0284,170005,㈱TFJ　（中部ｲﾉｱｯｸ）
1979,010T778-02ｻL,L-0285,170005,㈱TFJ　（中部ｲﾉｱｯｸ）
1980,010T778-02ｻR,L-0286,170005,㈱TFJ　（中部ｲﾉｱｯｸ）
1981,010T791-02Bｻ,L-0287,170005,㈱TFJ　（中部ｲﾉｱｯｸ）
1982,010T884H-02,L-0288,170005,㈱TFJ　（中部ｲﾉｱｯｸ）
1983,010T884H-03,L-0289,170005,㈱TFJ　（中部ｲﾉｱｯｸ）
1984,010T884S-01,L-0290,170005,㈱TFJ　（中部ｲﾉｱｯｸ）
1985,010T969-17,L-0291,170005,㈱TFJ　（中部ｲﾉｱｯｸ）
1986,010T969H-03,L-0292,170005,㈱TFJ　（中部ｲﾉｱｯｸ）
1987,010T969H-06,L-0293,170005,㈱TFJ　（中部ｲﾉｱｯｸ）
1988,010T969H-07,L-0294,170005,㈱TFJ　（中部ｲﾉｱｯｸ）
1989,010T969H-49,L-0295,170005,㈱TFJ　（中部ｲﾉｱｯｸ）
1990,010T969H-50,L-0296,170005,㈱TFJ　（中部ｲﾉｱｯｸ）
1991,010T969S-03,L-0297,170005,㈱TFJ　（中部ｲﾉｱｯｸ）
1992,010T969S-06,L-0298,170005,㈱TFJ　（中部ｲﾉｱｯｸ）
1993,010T969S-50,L-0299,170005,㈱TFJ　（中部ｲﾉｱｯｸ）
1994,010X-999,L-0300,170005,㈱TFJ　（中部ｲﾉｱｯｸ）
1995,010Y017-10F,L-0301,170005,㈱TFJ　（中部ｲﾉｱｯｸ）
1996,010Y017-12F,L-0302,170005,㈱TFJ　（中部ｲﾉｱｯｸ）
1997,010Y017-14F,L-0303,170005,㈱TFJ　（中部ｲﾉｱｯｸ）
1998,010Y017-16F,L-0304,170005,㈱TFJ　（中部ｲﾉｱｯｸ）
1999,010Y436-14F,L-0305,170005,㈱TFJ　（中部ｲﾉｱｯｸ）
2000,010Y528-14F,L-0306,170005,㈱TFJ　（中部ｲﾉｱｯｸ）
2001,010Y611N-16AF,L-0307,170005,㈱TFJ　（中部ｲﾉｱｯｸ）
2002,010Y714-5B-14,L-0308,170005,㈱TFJ　（中部ｲﾉｱｯｸ）
2003,012C-1371,,#N/A,#N/A
2004,012HRD-302,,#N/A,#N/A
2005,012SFT-208,,#N/A,#N/A
2006,013CH1069-02C SP/176,M-0001,190001,ＴＦＣＣ
2007,013CH1069-02C SP/178,M-0002,190001,ＴＦＣＣ
2008,013CH1069-02C SP/197,M-0003,190001,ＴＦＣＣ
2009,013CH1069-02C SP/198,M-0004,190001,ＴＦＣＣ
2010,013CH1069-03C SP/176,M-0005,190001,ＴＦＣＣ
2011,013CH1069-03C SP/178,M-0006,190001,ＴＦＣＣ
2012,013CH1069-03C SP/197,M-0007,190001,ＴＦＣＣ
2013,013CH1069-03C SP/198,M-0008,190001,ＴＦＣＣ
2014,013CH1069-59C SP/176,M-0009,190001,ＴＦＣＣ
2015,013CH1069-59C SP/178,M-0010,190001,ＴＦＣＣ
2016,013CH1069-59C SP/197,M-0011,190001,ＴＦＣＣ
2017,013CH1069-59C SP/198,M-0012,190001,ＴＦＣＣ
2018,013CH1070-03C SN/02,M-0013,190001,ＴＦＣＣ
2019,013CH1070-03C SN/03,M-0014,190001,ＴＦＣＣ
2020,013CH1070-03C SP/180,M-0015,190001,ＴＦＣＣ
2021,013CH1070-03C SP/183,M-0016,190001,ＴＦＣＣ
2022,013CH1070-03LC SN/02,M-0017,190001,ＴＦＣＣ
2023,013CH1070-03LC SN/03,M-0018,190001,ＴＦＣＣ
2024,013CH1070-03LC SP/180,M-0019,190001,ＴＦＣＣ
2025,013CH1070-03LC SP/183,M-0020,190001,ＴＦＣＣ
2026,013CH1070-17C SN/02,M-0021,190001,ＴＦＣＣ
2027,013CH1070-17C SN/03,M-0022,190001,ＴＦＣＣ
2028,013CH1070-17C SP/176,M-0023,190001,ＴＦＣＣ
2029,013CH1070-17C SP/178,M-0024,190001,ＴＦＣＣ
2030,013CH1070-17C SP/180,M-0025,190001,ＴＦＣＣ
2031,013CH1070-17C SP/183,M-0026,190001,ＴＦＣＣ
2032,013CH1070-17C SP/197,M-0027,190001,ＴＦＣＣ
2033,013CH1070-17C SP/198,M-0028,190001,ＴＦＣＣ
2034,013CH232-03C SP/126N,M-0029,190001,ＴＦＣＣ
2035,013CH232-03C SP/184,M-0030,190001,ＴＦＣＣ
2036,013CH232-06C SP/183,M-0031,190001,ＴＦＣＣ
2037,013CH232-07C SP/180,M-0032,190001,ＴＦＣＣ
2038,013CH232-07C SP/182,M-0033,190001,ＴＦＣＣ
2039,013CH232-08C SP/180,M-0034,190001,ＴＦＣＣ
2040,013CH232-08C SP/181,M-0035,190001,ＴＦＣＣ
2041,013CH232-08C SP/182,M-0036,190001,ＴＦＣＣ
2042,013CH232-08C SP/184,M-0037,190001,ＴＦＣＣ
2043,013CH232-09C SP/180,M-0038,190001,ＴＦＣＣ
2044,013CH232-09C SP/182,M-0039,190001,ＴＦＣＣ
2045,013CH232-09C SP/184,M-0040,190001,ＴＦＣＣ
2046,013CH232-17C SP/183,M-0041,190001,ＴＦＣＣ
2047,013CH232-35C SP/140,M-0042,190001,ＴＦＣＣ
2048,013CH232-35C SP/182,M-0043,190001,ＴＦＣＣ
2049,013CH232-35C SP/183,M-0044,190001,ＴＦＣＣ
2050,013CH232-37C SP/146,M-0045,190001,ＴＦＣＣ
2051,013CH232-37C SP/180,M-0046,190001,ＴＦＣＣ
2052,013CH232-49C SP/126N,M-0047,190001,ＴＦＣＣ
2053,013CH232-49C SP/180,M-0048,190001,ＴＦＣＣ
2054,013CH232-49C SP/181,M-0049,190001,ＴＦＣＣ
2055,013CH232-49C SP/182,M-0050,190001,ＴＦＣＣ
2056,013CH232-49C SP/184,M-0051,190001,ＴＦＣＣ
2057,013CH232-50C SP/126N,M-0052,190001,ＴＦＣＣ
2058,013CH232-50C SP/180,M-0053,190001,ＴＦＣＣ
2059,013CH232-50C SP/181,M-0054,190001,ＴＦＣＣ
2060,013CH232-50C SP/182,M-0055,190001,ＴＦＣＣ
2061,013CH232-50C SP/183,M-0056,190001,ＴＦＣＣ
2062,013CH232W-35C SN/01,M-0057,190001,ＴＦＣＣ
2063,013CH232W-35C SN/02,M-0058,190001,ＴＦＣＣ
2064,013CH232W-35C SN/03,M-0059,190001,ＴＦＣＣ
2065,013CH232W-35C SP/122N,M-0060,190001,ＴＦＣＣ
2066,013CH232W-35C SP/126N,M-0061,190001,ＴＦＣＣ
2067,013CH232W-35C SP/180,M-0062,190001,ＴＦＣＣ
2068,013CH232W-35C SP/181,M-0063,190001,ＴＦＣＣ
2069,013CH232W-35C SP/184,M-0064,190001,ＴＦＣＣ
2070,013CH232W-37C SN/01,M-0065,190001,ＴＦＣＣ
2071,013CH232W-37C SN/02,M-0066,190001,ＴＦＣＣ
2072,013CH232W-37C SN/03,M-0067,190001,ＴＦＣＣ
2073,013CH232W-37C SP/122N,M-0068,190001,ＴＦＣＣ
2074,013CH232W-37C SP/126N,M-0069,190001,ＴＦＣＣ
2075,013CH232W-37C SP/180,M-0070,190001,ＴＦＣＣ
2076,013CH232W-37C SP/182,M-0071,190001,ＴＦＣＣ
2077,013CH232WI-03C SN/01,M-0072,190001,ＴＦＣＣ
2078,013CH232WI-03C SN/02,M-0073,190001,ＴＦＣＣ
2079,013CH232WI-03C SN/03,M-0074,190001,ＴＦＣＣ
2080,013CH232WI-03C SP/122N,M-0075,190001,ＴＦＣＣ
2081,013CH232WI-03C SP/126N,M-0076,190001,ＴＦＣＣ
2082,013CH232WI-03C SP/184,M-0077,190001,ＴＦＣＣ
2083,013CH232WI-06C SN/01,M-0078,190001,ＴＦＣＣ
2084,013CH232WI-06C SN/02,M-0079,190001,ＴＦＣＣ
2085,013CH232WI-06C SN/03,M-0080,190001,ＴＦＣＣ
2086,013CH232WI-06C SP/122N,M-0081,190001,ＴＦＣＣ
2087,013CH232WI-06C SP/126N,M-0082,190001,ＴＦＣＣ
2088,013CH232WI-06C SP/180,M-0083,190001,ＴＦＣＣ
2089,013CH232WI-06C SP/181,M-0084,190001,ＴＦＣＣ
2090,013CH232WI-06C SP/182,M-0085,190001,ＴＦＣＣ
2091,013CH232WI-06C SP/184,M-0086,190001,ＴＦＣＣ
2092,013CH232WI-07C SN/01,M-0087,190001,ＴＦＣＣ
2093,013CH232WI-07C SN/02,M-0088,190001,ＴＦＣＣ
2094,013CH232WI-07C SN/03,M-0089,190001,ＴＦＣＣ
2095,013CH232WI-07C SP/122N,M-0090,190001,ＴＦＣＣ
2096,013CH232WI-07C SP/180,M-0091,190001,ＴＦＣＣ
2097,013CH232WI-07C SP/181,M-0092,190001,ＴＦＣＣ
2098,013CH232WI-07C SP/182,M-0093,190001,ＴＦＣＣ
2099,013CH232WI-07C SP/183,M-0094,190001,ＴＦＣＣ
2100,013CH232WI-07C SP/184,M-0095,190001,ＴＦＣＣ
2101,013CH232WI-08C SN/01,M-0096,190001,ＴＦＣＣ
2102,013CH232WI-08C SN/02,M-0097,190001,ＴＦＣＣ
2103,013CH232WI-08C SN/03,M-0098,190001,ＴＦＣＣ
2104,013CH232WI-08C SP/122N,M-0099,190001,ＴＦＣＣ
2105,013CH232WI-08C SP/126N,M-0100,190001,ＴＦＣＣ
2106,013CH232WI-08C SP/182,M-0101,190001,ＴＦＣＣ
2107,013CH232WI-08C SP/184,M-0102,190001,ＴＦＣＣ
2108,013CH232WI-09C SN/01,M-0103,190001,ＴＦＣＣ
2109,013CH232WI-09C SN/02,M-0104,190001,ＴＦＣＣ
2110,013CH232WI-09C SN/03,M-0105,190001,ＴＦＣＣ
2111,013CH232WI-09C SP/122N,M-0106,190001,ＴＦＣＣ
2112,013CH232WI-09C SP/126N,M-0107,190001,ＴＦＣＣ
2113,013CH232WI-17C SN/01,M-0108,190001,ＴＦＣＣ
2114,013CH232WI-17C SN/02,M-0109,190001,ＴＦＣＣ
2115,013CH232WI-17C SN/03,M-0110,190001,ＴＦＣＣ
2116,013CH232WI-17C SP/122N,M-0111,190001,ＴＦＣＣ
2117,013CH232WI-17C SP/126N,M-0112,190001,ＴＦＣＣ
2118,013CH232WI-17C SP/181,M-0113,190001,ＴＦＣＣ
2119,013CH232WI-17C SP/184,M-0114,190001,ＴＦＣＣ
2120,013CH232WI-37C SN/03,M-0115,190001,ＴＦＣＣ
2121,013CH232WI-49C SN/01,M-0116,190001,ＴＦＣＣ
2122,013CH232WI-49C SN/02,M-0117,190001,ＴＦＣＣ
2123,013CH232WI-49C SN/03,M-0118,190001,ＴＦＣＣ
2124,013CH232WI-49C SP/122N,M-0119,190001,ＴＦＣＣ
2125,013CH232WI-49C SP/126N,M-0120,190001,ＴＦＣＣ
2126,013CH232WI-49C SP/180,M-0121,190001,ＴＦＣＣ
2127,013CH232WI-50C SN/01,M-0122,190001,ＴＦＣＣ
2128,013CH232WI-50C SN/02,M-0123,190001,ＴＦＣＣ
2129,013CH232WI-50C SN/03,M-0124,190001,ＴＦＣＣ
2130,013CH232WI-50C SP/122N,M-0125,190001,ＴＦＣＣ
2131,013CH232WI-50C SP/126N,M-0126,190001,ＴＦＣＣ
2132,013CH232WI-50C SP/180,M-0127,190001,ＴＦＣＣ
2133,013CH232WI-50C SP/181,M-0128,190001,ＴＦＣＣ
2134,013CH232WI-50C SP/182,M-0129,190001,ＴＦＣＣ
2135,013CH232WI-50C SP/184,M-0130,190001,ＴＦＣＣ
2136,013CH271-09C SP/156,M-0131,190001,ＴＦＣＣ
2137,013CH271-17C SP/158,M-0132,190001,ＴＦＣＣ
2138,013CH271-35C SN/01,M-0133,190001,ＴＦＣＣ
2139,013CH271-35C SN/02,M-0134,190001,ＴＦＣＣ
2140,013CH271-35C SP/122N,M-0135,190001,ＴＦＣＣ
2141,013CH271-35C SP/126N,M-0136,190001,ＴＦＣＣ
2142,013CH271-35C SP/150,M-0137,190001,ＴＦＣＣ
2143,013CH271-35C SP/156,M-0138,190001,ＴＦＣＣ
2144,013CH271-35C SP/158,M-0139,190001,ＴＦＣＣ
2145,013CH271-35C SP/180,M-0140,190001,ＴＦＣＣ
2146,013CH271-35C SP/181,M-0141,190001,ＴＦＣＣ
2147,013CH271-35C SP/182,M-0142,190001,ＴＦＣＣ
2148,013CH271-35C SP/184,M-0143,190001,ＴＦＣＣ
2149,013CH271-35C SP/72,M-0144,190001,ＴＦＣＣ
2150,013CH271-37C SN/01,M-0145,190001,ＴＦＣＣ
2151,013CH271-37C SN/02,M-0146,190001,ＴＦＣＣ
2152,013CH271-37C SN/03,M-0147,190001,ＴＦＣＣ
2153,013CH271-37C SP/122N,M-0148,190001,ＴＦＣＣ
2154,013CH271-37C SP/126N,M-0149,190001,ＴＦＣＣ
2155,013CH271-37C SP/152,M-0150,190001,ＴＦＣＣ
2156,013CH271-37C SP/180,M-0151,190001,ＴＦＣＣ
2157,013CH271-37C SP/181,M-0152,190001,ＴＦＣＣ
2158,013CH271-37C SP/182,M-0153,190001,ＴＦＣＣ
2159,013CH271-37C SP/183,M-0154,190001,ＴＦＣＣ
2160,013CH271-37C SP/184,M-0155,190001,ＴＦＣＣ
2161,013CH271I-03C SN/01,M-0156,190001,ＴＦＣＣ
2162,013CH271I-03C SN/02,M-0157,190001,ＴＦＣＣ
2163,013CH271I-03C SN/03,M-0158,190001,ＴＦＣＣ
2164,013CH271I-03C SP/122N,M-0159,190001,ＴＦＣＣ
2165,013CH271I-03C SP/126N,M-0160,190001,ＴＦＣＣ
2166,013CH271I-03C SP/180,M-0161,190001,ＴＦＣＣ
2167,013CH271I-03C SP/181,M-0162,190001,ＴＦＣＣ
2168,013CH271I-03C SP/182,M-0163,190001,ＴＦＣＣ
2169,013CH271I-03C SP/183,M-0164,190001,ＴＦＣＣ
2170,013CH271I-03C SP/184,M-0165,190001,ＴＦＣＣ
2171,013CH271I-03C SP/197,M-0166,190001,ＴＦＣＣ
2172,013CH271I-06C SP/122N,M-0167,190001,ＴＦＣＣ
2173,013CH271I-06C SP/126N,M-0168,190001,ＴＦＣＣ
2174,013CH271I-07C SP/122N,M-0169,190001,ＴＦＣＣ
2175,013CH271I-07C SP/126N,M-0170,190001,ＴＦＣＣ
2176,013CH271I-08C SN/01,M-0171,190001,ＴＦＣＣ
2177,013CH271I-08C SN/02,M-0172,190001,ＴＦＣＣ
2178,013CH271I-08C SN/03,M-0173,190001,ＴＦＣＣ
2179,013CH271I-08C SP/122N,M-0174,190001,ＴＦＣＣ
2180,013CH271I-08C SP/126N,M-0175,190001,ＴＦＣＣ
2181,013CH271I-08C SP/180,M-0176,190001,ＴＦＣＣ
2182,013CH271I-08C SP/181,M-0177,190001,ＴＦＣＣ
2183,013CH271I-08C SP/182,M-0178,190001,ＴＦＣＣ
2184,013CH271I-08C SP/183,M-0179,190001,ＴＦＣＣ
2185,013CH271I-08C SP/184,M-0180,190001,ＴＦＣＣ
2186,013CH271I-09C SN/01,M-0181,190001,ＴＦＣＣ
2187,013CH271I-09C SN/02,M-0182,190001,ＴＦＣＣ
2188,013CH271I-09C SN/03,M-0183,190001,ＴＦＣＣ
2189,013CH271I-09C SP/122N,M-0184,190001,ＴＦＣＣ
2190,013CH271I-09C SP/126N,M-0185,190001,ＴＦＣＣ
2191,013CH271I-09C SP/180,M-0186,190001,ＴＦＣＣ
2192,013CH271I-09C SP/181,M-0187,190001,ＴＦＣＣ
2193,013CH271I-09C SP/182,M-0188,190001,ＴＦＣＣ
2194,013CH271I-09C SP/183,M-0189,190001,ＴＦＣＣ
2195,013CH271I-09C SP/184,M-0190,190001,ＴＦＣＣ
2196,013CH271I-17C SN/01,M-0191,190001,ＴＦＣＣ
2197,013CH271I-17C SN/02,M-0192,190001,ＴＦＣＣ
2198,013CH271I-17C SN/03,M-0193,190001,ＴＦＣＣ
2199,013CH271I-17C SP/122N,M-0194,190001,ＴＦＣＣ
2200,013CH271I-17C SP/126N,M-0195,190001,ＴＦＣＣ
2201,013CH271I-17C SP/180,M-0196,190001,ＴＦＣＣ
2202,013CH271I-17C SP/181,M-0197,190001,ＴＦＣＣ
2203,013CH271I-17C SP/182,M-0198,190001,ＴＦＣＣ
2204,013CH271I-17C SP/183,M-0199,190001,ＴＦＣＣ
2205,013CH271I-17C SP/184,M-0200,190001,ＴＦＣＣ
2206,013CH271I-41C SN/01,M-0201,190001,ＴＦＣＣ
2207,013CH271I-41C SN/02,M-0202,190001,ＴＦＣＣ
2208,013CH271I-41C SN/03,M-0203,190001,ＴＦＣＣ
2209,013CH271I-41C SP/122N,M-0204,190001,ＴＦＣＣ
2210,013CH271I-41C SP/126N,M-0205,190001,ＴＦＣＣ
2211,013CH271I-41C SP/180,M-0206,190001,ＴＦＣＣ
2212,013CH271I-41C SP/181,M-0207,190001,ＴＦＣＣ
2213,013CH271I-41C SP/182,M-0208,190001,ＴＦＣＣ
2214,013CH271I-41C SP/183,M-0209,190001,ＴＦＣＣ
2215,013CH271I-41C SP/184,M-0210,190001,ＴＦＣＣ
2216,013CH271I-42C SN/01,M-0211,190001,ＴＦＣＣ
2217,013CH271I-42C SN/02,M-0212,190001,ＴＦＣＣ
2218,013CH271I-42C SN/03,M-0213,190001,ＴＦＣＣ
2219,013CH271I-42C SP/122N,M-0214,190001,ＴＦＣＣ
2220,013CH271I-42C SP/126N,M-0215,190001,ＴＦＣＣ
2221,013CH271I-42C SP/180,M-0216,190001,ＴＦＣＣ
2222,013CH271I-42C SP/181,M-0217,190001,ＴＦＣＣ
2223,013CH271I-42C SP/182,M-0218,190001,ＴＦＣＣ
2224,013CH271I-42C SP/183,M-0219,190001,ＴＦＣＣ
2225,013CH271I-42C SP/184,M-0220,190001,ＴＦＣＣ
2226,013CH271I-49C SN/01,M-0221,190001,ＴＦＣＣ
2227,013CH271I-49C SN/02,M-0222,190001,ＴＦＣＣ
2228,013CH271I-49C SN/03,M-0223,190001,ＴＦＣＣ
2229,013CH271I-49C SP/122N,M-0224,190001,ＴＦＣＣ
2230,013CH271I-49C SP/126N,M-0225,190001,ＴＦＣＣ
2231,013CH271I-49C SP/180,M-0226,190001,ＴＦＣＣ
2232,013CH271I-49C SP/181,M-0227,190001,ＴＦＣＣ
2233,013CH271I-49C SP/182,M-0228,190001,ＴＦＣＣ
2234,013CH271I-49C SP/183,M-0229,190001,ＴＦＣＣ
2235,013CH271I-49C SP/184,M-0230,190001,ＴＦＣＣ
2236,013CH271I-50C SN/01,M-0231,190001,ＴＦＣＣ
2237,013CH271I-50C SN/02,M-0232,190001,ＴＦＣＣ
2238,013CH271I-50C SN/03,M-0233,190001,ＴＦＣＣ
2239,013CH271I-50C SP/122N,M-0234,190001,ＴＦＣＣ
2240,013CH271I-50C SP/126N,M-0235,190001,ＴＦＣＣ
2241,013CH271I-50C SP/180,M-0236,190001,ＴＦＣＣ
2242,013CH271I-50C SP/181,M-0237,190001,ＴＦＣＣ
2243,013CH271I-50C SP/182,M-0238,190001,ＴＦＣＣ
2244,013CH271I-50C SP/183,M-0239,190001,ＴＦＣＣ
2245,013CH271I-50C SP/184,M-0240,190001,ＴＦＣＣ
2246,013CH351-03C SP/71,M-0241,190001,ＴＦＣＣ
2247,013CH351-06C SP/72,M-0242,190001,ＴＦＣＣ
2248,013CH351-17C SP/70,M-0243,190001,ＴＦＣＣ
2249,013CH351-17C SP/71,M-0244,190001,ＴＦＣＣ
2250,013CH351-49C SP/70,M-0245,190001,ＴＦＣＣ
2251,014CE-720D,N-0001,190001,ＴＦＣＣ
2252,014CE-720LNB6NN,N-0002,190001,ＴＦＣＣ
2253,014CE-720W77HGB6,N-0003,190001,ＴＦＣＣ
2254,014CE-720W77LNB6NN,N-0004,190001,ＴＦＣＣ
2255,014CE-720W79HGB6,N-0005,190001,ＴＦＣＣ
2256,014CE-720W79LNB6NN,N-0006,190001,ＴＦＣＣ
2257,014CE-721D,N-0007,190001,ＴＦＣＣ
2258,014CE-721LNB6NN,N-0008,190001,ＴＦＣＣ
2259,014CE-723LNB6NN,N-0009,190001,ＴＦＣＣ
2260,014CE-723W77HGB6,N-0010,190001,ＴＦＣＣ
2261,014CE-723W77LNB6NN,N-0011,190001,ＴＦＣＣ
2262,014CE-72G,N-0012,190001,ＴＦＣＣ
2263,014CE-72H,N-0013,190001,ＴＦＣＣ
2264,014CE721B,N-0014,190001,ＴＦＣＣ
2265,014CE723B,N-0015,190001,ＴＦＣＣ
2266,014CE88-ﾊﾞﾈ,N-0016,190001,ＴＦＣＣ
2267,014CH1069-02B,N-0017,190001,ＴＦＣＣ
2268,014CH1069-03B,N-0018,190001,ＴＦＣＣ
2269,014CH1069-59B,N-0019,190001,ＴＦＣＣ
2270,014CH1070-03B,N-0020,190001,ＴＦＣＣ
2271,014CH1070-03LB,N-0021,190001,ＴＦＣＣ
2272,014CH1070-17B,N-0022,190001,ＴＦＣＣ
2273,014CH232-37,N-0023,190001,ＴＦＣＣ
2274,014CH232LEG,N-0024,190001,ＴＦＣＣ
2275,014CH232W-03B,N-0025,190001,ＴＦＣＣ
2276,014CH232W-06B,N-0026,190001,ＴＦＣＣ
2277,014CH232W-07B,N-0027,190001,ＴＦＣＣ
2278,014CH232W-08B,N-0028,190001,ＴＦＣＣ
2279,014CH232W-09B,N-0029,190001,ＴＦＣＣ
2280,014CH232W-17B,N-0030,190001,ＴＦＣＣ
2281,014CH232W-35,N-0031,190001,ＴＦＣＣ
2282,014CH232W-37,N-0032,190001,ＴＦＣＣ
2283,014CH232W-49B,N-0033,190001,ＴＦＣＣ
2284,014CH232W-50B,N-0034,190001,ＴＦＣＣ
2285,014CH261-02LB,N-0035,190001,ＴＦＣＣ
2286,014CH261-03B,N-0036,190001,ＴＦＣＣ
2287,014CH261-17B,N-0037,190001,ＴＦＣＣ
2288,014CH261ﾎｼﾞｮｱｼ,N-0038,190001,ＴＦＣＣ
2289,014CH271-03B,N-0039,190001,ＴＦＣＣ
2290,014CH271-17B,N-0040,190001,ＴＦＣＣ
2291,014CH271-35,N-0041,190001,ＴＦＣＣ
2292,014CH271-37,N-0042,190001,ＴＦＣＣ
2293,014CH271-41B,N-0043,190001,ＴＦＣＣ
2294,014CH271-42B,N-0044,190001,ＴＦＣＣ
2295,014CH271-LEG DB,N-0045,190001,ＴＦＣＣ
2296,014CH271-LEG NA,N-0046,190001,ＴＦＣＣ
2297,014CH271N-08B,N-0047,190001,ＴＦＣＣ
2298,014CH271N-09B,N-0048,190001,ＴＦＣＣ
2299,014CH271N-49B,N-0049,190001,ＴＦＣＣ
2300,014CH271N-50B,N-0050,190001,ＴＦＣＣ
2301,014CH351-02B,N-0051,190001,ＴＦＣＣ
2302,014CH351-03B,N-0052,190001,ＴＦＣＣ
2303,014CH351-06B,N-0053,190001,ＴＦＣＣ
2304,014CH351-07B,N-0054,190001,ＴＦＣＣ
2305,014CH351-17B,N-0055,190001,ＴＦＣＣ
2306,014CH351-17LB,N-0056,190001,ＴＦＣＣ
2307,014CH351-49B,N-0057,190001,ＴＦＣＣ
2308,014CH351-50B,N-0058,190001,ＴＦＣＣ
2309,014CH351LEG,N-0059,190001,ＴＦＣＣ
2310,014CH356-59B,N-0060,190001,ＴＦＣＣ
2311,014F780-97F,N-0061,190001,ＴＦＣＣ
2312,014KL172-35,N-0062,190001,ＴＦＣＣ
2313,014KL172-ARM,N-0063,190001,ＴＦＣＣ
2314,014KL294-08/09B,N-0064,190001,ＴＦＣＣ
2315,014KL686-17B,N-0065,190001,ＴＦＣＣ
2316,014KL686-41NB,N-0066,190001,ＴＦＣＣ
2317,014KL686-42NB,N-0067,190001,ＴＦＣＣ
2318,014LEG60PI-DB,N-0068,190001,ＴＦＣＣ
2319,014LEG60PI-NA,N-0069,190001,ＴＦＣＣ
2320,014LH03SLEG-L,N-0070,190001,ＴＦＣＣ
2321,014LH03SLEG-S,N-0071,190001,ＴＦＣＣ
2322,014MOLDF-GR,N-0072,190001,ＴＦＣＣ
2323,014N264-F,N-0073,190001,ＴＦＣＣ
2324,014N528-02SE,N-0074,190001,ＴＦＣＣ
2325,014N528-02ZA,N-0075,190001,ＴＦＣＣ
2326,014N528-03SE,N-0076,190001,ＴＦＣＣ
2327,014N528-03ZA,N-0077,190001,ＴＦＣＣ
2328,014N528-17ZA,N-0078,190001,ＴＦＣＣ
2329,014N528-35,N-0079,190001,ＴＦＣＣ
2330,014N528-36,N-0080,190001,ＴＦＣＣ
2331,014N528-37,N-0081,190001,ＴＦＣＣ
2332,014N528-41/42SE,N-0082,190001,ＴＦＣＣ
2333,014N528-41/42ZA,N-0083,190001,ＴＦＣＣ
2334,014N528-41S/42SSE,N-0084,190001,ＴＦＣＣ
2335,014N528-41S/42SZA,N-0085,190001,ＴＦＣＣ
2336,014N528-49/50/03ARM,N-0086,190001,ＴＦＣＣ
2337,014N528-49/50SE,N-0087,190001,ＴＦＣＣ
2338,014N528-49/50ZA,N-0088,190001,ＴＦＣＣ
2339,014N528-F,N-0089,190001,ＴＦＣＣ
2340,014N666LEG-DB,N-0090,190001,ＴＦＣＣ
2341,014N666LEG-NA,N-0091,190001,ＴＦＣＣ
2342,014N749-03ZA,N-0092,190001,ＴＦＣＣ
2343,014N749-17ZA,N-0093,190001,ＴＦＣＣ
2344,014N749-35,N-0094,190001,ＴＦＣＣ
2345,014N749-36,N-0095,190001,ＴＦＣＣ
2346,014N749-37,N-0096,190001,ＴＦＣＣ
2347,014N749-49ZA,N-0097,190001,ＴＦＣＣ
2348,014N749-50ZA,N-0098,190001,ＴＦＣＣ
2349,014T323LEG-DB,N-0099,190001,ＴＦＣＣ
2350,014T323LEG-NA,N-0100,190001,ＴＦＣＣ
2351,014T516LEG,N-0101,190001,ＴＦＣＣ
2352,014T517-06/07SE,N-0102,190001,ＴＦＣＣ
2353,014T517-06/07ZA,N-0103,190001,ＴＦＣＣ
2354,014T517-08/09/10ZA,N-0104,190001,ＴＦＣＣ
2355,014T517-08/09SEL,N-0105,190001,ＴＦＣＣ
2356,014T517-10/08/09SES,N-0106,190001,ＴＦＣＣ
2357,014T517-17LZA,N-0107,190001,ＴＦＣＣ
2358,014T517-17SZA,N-0108,190001,ＴＦＣＣ
2359,014T517-20SE,N-0109,190001,ＴＦＣＣ
2360,014T517-20ZA,N-0110,190001,ＴＦＣＣ
2361,014T517-49/50ARM,N-0111,190001,ＴＦＣＣ
2362,014T517-49/50SE-1,N-0112,190001,ＴＦＣＣ
2363,014T517-49/50SE-2,N-0113,190001,ＴＦＣＣ
2364,014T517-49/50ZA-1,N-0114,190001,ＴＦＣＣ
2365,014T517-49/50ZA-2,N-0115,190001,ＴＦＣＣ
2366,014T521-501,N-0116,190001,ＴＦＣＣ
2367,014T521-502,N-0117,190001,ＴＦＣＣ
2368,014T521-503,N-0118,190001,ＴＦＣＣ
2369,014T521-504,N-0119,190001,ＴＦＣＣ
2370,014T521-505,N-0120,190001,ＴＦＣＣ
2371,014T521-506,N-0121,190001,ＴＦＣＣ
2372,014T521-600,N-0122,190001,ＴＦＣＣ
2373,014T521-601,N-0123,190001,ＴＦＣＣ
2374,014T521-602,N-0124,190001,ＴＦＣＣ
2375,014T521-603,N-0125,190001,ＴＦＣＣ
2376,014T521-701,N-0126,190001,ＴＦＣＣ
2377,014T521-F,N-0127,190001,ＴＦＣＣ
2378,014T523LEG-DB,N-0128,190001,ＴＦＣＣ
2379,014T523LEG-NA,N-0129,190001,ＴＦＣＣ
2380,014T725LEG-DB,N-0130,190001,ＴＦＣＣ
2381,014T725LEG-NA,N-0131,190001,ＴＦＣＣ
2382,014CH271E-03B,N-0132,190001,ＴＦＣＣ
2383,014CH271E-08B,N-0133,190001,ＴＦＣＣ
2384,014CH271E-09B,N-0134,190001,ＴＦＣＣ
2385,014CH271E-17B,N-0135,190001,ＴＦＣＣ
2386,014CH271E-41B,N-0136,190001,ＴＦＣＣ
2387,014CH271E-42B,N-0137,190001,ＴＦＣＣ
2388,014CH271E-49B,N-0138,190001,ＴＦＣＣ
2389,014CH271E-50B,N-0139,190001,ＴＦＣＣ
2390,CH1071-LEG NA,N-0140,190001,ＴＦＣＣ
2391,015ERGO-BLUE ﾊﾟｰﾂ,O-0001,190004,輸入部材
2392,015ERGO-GREEN ﾊﾟｰﾂ,O-0002,190004,輸入部材
2393,015ERGO-RED ﾊﾟｰﾂ,O-0003,190004,輸入部材
2394,015ERGO-YELLOW ﾊﾟｰﾂ,O-0004,190004,輸入部材
2395,015HF-08MIC,O-0005,100114,㈱金加
2396,015HF-08MOC,O-0006,100114,㈱金加
2397,015HF-10MIC,O-0007,190001,ＴＦＣＣ
2398,015HF-10MOC,O-0008,190001,ＴＦＣＣ
2399,015HF-12MIC,O-0009,190001,ＴＦＣＣ
2400,015HF-12MOC,O-0010,190001,ＴＦＣＣ
2401,015HF-14MIC,O-0011,190001,ＴＦＣＣ
2402,015HF-14MOC,O-0012,190001,ＴＦＣＣ
2403,015HF-16MIC,O-0013,190001,ＴＦＣＣ
2404,015HF-16MOC,O-0014,190001,ＴＦＣＣ
2405,015HFD-08Mｲﾝﾅｰｶﾊﾞｰ,O-0015,100113,㈱山七
2406,015HFD-10Mｲﾝﾅｰｶﾊﾞｰ,O-0016,100113,㈱山七
2407,015HFD-12Mｲﾝﾅｰｶﾊﾞｰ,O-0017,100113,㈱山七
2408,015HFD-14Mｲﾝﾅｰｶﾊﾞｰ,O-0018,100113,㈱山七
2409,015HFD-16Mｲﾝﾅｰｶﾊﾞｰ,O-0019,100113,㈱山七
2410,015HFD-J-08Mｱｳﾀｰｶﾊﾞｰ,O-0020,100114,㈱金加
2411,015HFD-J-10Mｱｳﾀｰｶﾊﾞｰ,O-0021,100114,㈱金加
2412,015HFD-J-12Mｱｳﾀｰｶﾊﾞｰ,O-0022,100114,㈱金加
2413,015HFD-J-14Mｱｳﾀｰｶﾊﾞｰ,O-0023,100114,㈱金加
2414,015HFD-J-16Mｱｳﾀｰｶﾊﾞｰ,O-0024,100114,㈱金加
2415,015HFR-10ﾏｯﾄﾚｽｶﾊﾞｰ,O-0025,100114,㈱金加
2416,015HFR-12ﾏｯﾄﾚｽｶﾊﾞｰ,O-0026,100114,㈱金加
2417,015ICR-10Mｱｳﾀｰｶﾊﾞｰ,O-0027,190001,ＴＦＣＣ
2418,015ICR-10Mｱｳﾀｰｶﾊﾞｰ,O-0027,190001,ＴＦＣＣ
2419,015ICR-10Mｲﾝﾅｰｶﾊﾞｰ,O-0028,190001,ＴＦＣＣ
2420,015ICR-12Mｱｳﾀｰｶﾊﾞｰ,O-0029,190001,ＴＦＣＣ
2421,015ICR-12Mｲﾝﾅｰｶﾊﾞｰ,O-0030,190001,ＴＦＣＣ
2422,015ICR-14Mｱｳﾀｰｶﾊﾞｰ,O-0031,190001,ＴＦＣＣ
2423,015ICR-14Mｲﾝﾅｰｶﾊﾞｰ,O-0032,190001,ＴＦＣＣ
2424,015RVM-08Mｱｳﾀｰｶﾊﾞｰ,O-0033,190004,輸入部材
2425,015RVM-08Mｱｳﾀｰｶﾊﾞｰ,O-0033,190004,輸入部材
2426,015RVM-08Mｲﾝﾅｰｶﾊﾞｰ,O-0034,190004,輸入部材
2427,015RVM-08Mｲﾝﾅｰｶﾊﾞｰ,O-0034,190004,輸入部材
2428,015RVM-10Mｱｳﾀｰｶﾊﾞｰ,O-0035,190004,輸入部材
2429,015RVM-10Mｲﾝﾅｰｶﾊﾞｰ,O-0036,190004,輸入部材
2430,015RVM-12Mｱｳﾀｰｶﾊﾞｰ,O-0037,190004,輸入部材
2431,015RVM-14Mｱｳﾀｰｶﾊﾞｰ,O-0038,190004,輸入部材
2432,015RVM-14Mｱｳﾀｰｶﾊﾞｰ,O-0038,190004,輸入部材
2433,015RVM-14Mｲﾝﾅｰｶﾊﾞｰ,O-0039,190004,輸入部材
2434,015RVM-14Mｲﾝﾅｰｶﾊﾞｰ,O-0039,190004,輸入部材
2435,015ﾏｯﾄﾚｽｳｴｱｳﾀｰｶﾊﾞｰ,O-0040,190004,輸入部材
2436,015ﾏｯﾄﾚｽｶﾊﾞｰﾍﾑ,O-0041,190004,輸入部材
2437,015ﾏｯﾄﾚｽｼﾀｱｳﾀｰｶﾊﾞｰ,O-0042,190004,輸入部材
2438,015ﾏｯﾄﾚｽﾌｧｽﾅｰ1950D,O-0043,190004,輸入部材
2439,015ﾏｯﾄﾚｽﾌｧｽﾅｰ1950HQ,O-0044,190004,輸入部材
2440,015ﾏｯﾄﾚｽﾌｧｽﾅｰ1950Q,O-0045,190004,輸入部材
2441,015ﾏｯﾄﾚｽﾌｧｽﾅｰ1950S,O-0046,190004,輸入部材
2442,015ﾏｯﾄﾚｽﾌｧｽﾅｰ1950SD,O-0047,190004,輸入部材
2443,015ﾏｯﾄﾚｽﾌｧｽﾅｰ2000D,O-0048,190004,輸入部材
2444,015ﾏｯﾄﾚｽﾌｧｽﾅｰ2000HQ,O-0049,190004,輸入部材
2445,015ﾏｯﾄﾚｽﾌｧｽﾅｰ2000Q,O-0050,190004,輸入部材
2446,015ﾏｯﾄﾚｽﾌｧｽﾅｰ2000S,O-0051,190004,輸入部材
2447,015ﾏｯﾄﾚｽﾌｧｽﾅｰ2000SD,O-0052,190004,輸入部材
2448,016D495-01BW,P-0001,100012,㈱朝日相扶製作所
2449,016D495-10BW,P-0002,100012,㈱朝日相扶製作所
2450,016D495-10DB,P-0003,100012,㈱朝日相扶製作所
2451,016D495-10NA,P-0004,100012,㈱朝日相扶製作所
2452,018EQ1060-700-N-GN1S,Q-0001,#N/A,#N/A
2453,018EQ1060-700-N-GNED,Q-0002,#N/A,#N/A
2454,018EQ1060-700-N-GNL9,Q-0003,#N/A,#N/A
2455,018EQ1060-700-N-NC131,Q-0004,#N/A,#N/A
2456,018EQ600-1100-J-GN0T,Q-0005,#N/A,#N/A
2457,018EQ600-1100-J-GN1S,Q-0006,#N/A,#N/A
2458,018EQ600-1100-J-GN38,Q-0007,#N/A,#N/A
2459,018EQ600-1100-J-GNB5,Q-0008,#N/A,#N/A
2460,018EQ600-1100-J-GNED,Q-0009,#N/A,#N/A
2461,018EQ600-1100-J-GNL9,Q-0010,#N/A,#N/A
2462,018EQ600-700-P-GNED,Q-0011,#N/A,#N/A
2463,018EQ900-700-O-GNED,Q-0012,#N/A,#N/A
2464,018EQ900-700-O-GNL9,Q-0013,#N/A,#N/A
2465,018NEWEQ1100-1350-C-GN0T,Q-0014,#N/A,#N/A
2466,018NEWEQ1100-1350-C-GN1S,Q-0015,#N/A,#N/A
2467,018NEWEQ1100-1350-C-GN38,Q-0016,#N/A,#N/A
2468,018NEWEQ1100-1350-C-GN65,Q-0017,#N/A,#N/A
2469,018NEWEQ1100-1350-C-GN7E,Q-0018,#N/A,#N/A
2470,018NEWEQ1100-1350-C-GNB5,Q-0019,#N/A,#N/A
2471,018NEWEQ1100-1350-C-GNED,Q-0020,#N/A,#N/A
2472,018NEWEQ1100-1350-C-GNL9,Q-0021,#N/A,#N/A
2473,018NEWEQ1100-1350-C-NC131,Q-0022,#N/A,#N/A
2474,018NEWEQ1100-1650-A-GN0T,Q-0023,#N/A,#N/A
2475,018NEWEQ1100-1650-A-GN1S,Q-0024,#N/A,#N/A
2476,018NEWEQ1100-1650-A-GN38,Q-0025,#N/A,#N/A
2477,018NEWEQ1100-1650-A-GN65,Q-0026,#N/A,#N/A
2478,018NEWEQ1100-1650-A-GN7E,Q-0027,#N/A,#N/A
2479,018NEWEQ1100-1650-A-GNB5,Q-0028,#N/A,#N/A
2480,018NEWEQ1100-1650-A-GNED,Q-0029,#N/A,#N/A
2481,018NEWEQ1100-1650-A-GNL9,Q-0030,#N/A,#N/A
2482,018NEWEQ1100-1850-H-GN1S,Q-0031,#N/A,#N/A
2483,018NEWEQ1100-1850-H-GNED,Q-0032,#N/A,#N/A
2484,018NEWEQ900-1350-G-GN0T,Q-0033,#N/A,#N/A
2485,018NEWEQ900-1350-G-GN1S,Q-0034,#N/A,#N/A
2486,018NEWEQ900-1350-G-GN38,Q-0035,#N/A,#N/A
2487,018NEWEQ900-1350-G-GN65,Q-0036,#N/A,#N/A
2488,018NEWEQ900-1350-G-GN7E,Q-0037,#N/A,#N/A
2489,018NEWEQ900-1350-G-GNB5,Q-0038,#N/A,#N/A
2490,018NEWEQ900-1350-G-GNED,Q-0039,#N/A,#N/A
2491,018NEWEQ900-1350-G-GNL9,Q-0040,#N/A,#N/A
2492,018NEWEQ900-1650-E-GN0T,Q-0041,#N/A,#N/A
2493,018NEWEQ900-1650-E-GN1S,Q-0042,#N/A,#N/A
2494,018NEWEQ900-1650-E-GN38,Q-0043,#N/A,#N/A
2495,018NEWEQ900-1650-E-GN65,Q-0044,#N/A,#N/A
2496,018NEWEQ900-1650-E-GN7E,Q-0045,#N/A,#N/A
2497,018NEWEQ900-1650-E-GNB5,Q-0046,#N/A,#N/A
2498,018NEWEQ900-1650-E-GNED,Q-0047,#N/A,#N/A
2499,018NEWEQ900-1650-E-GNL9,Q-0048,#N/A,#N/A
2500,018NEWEQR1100-1350-D-GN38,Q-0049,#N/A,#N/A
2501,018NEWEQR1100-1350-D-GN65,Q-0050,#N/A,#N/A
2502,018NEWEQR1100-1350-D-GNB5,Q-0051,#N/A,#N/A
2503,018NEWEQR1100-1350-D-GNED,Q-0052,#N/A,#N/A
2504,018NEWEQR1100-1350-D-GNL9,Q-0053,#N/A,#N/A
2505,018NEWEQR1100-1650-B-GN0T,Q-0054,#N/A,#N/A
2506,018NEWEQR1100-1650-B-GNB5,Q-0055,#N/A,#N/A
2507,018NEWEQR1100-1650-B-GNED,Q-0056,#N/A,#N/A
2508,018NEWEQR1100-1850-I-GNED,Q-0057,#N/A,#N/A
2509,018NEWEQR900-1650-F-GN1S,Q-0058,#N/A,#N/A
2510,018NEWEQR900-1650-F-GNED,Q-0059,#N/A,#N/A
2511,018PPﾌｯｸL=1030,Q-0060,100118,大淀化成工業㈱
2512,018PPﾌｯｸL=530,Q-0061,100118,大淀化成工業㈱
2513,018PPﾌｯｸL=805,Q-0062,100118,大淀化成工業㈱
2514,018PPﾌｯｸL=830,Q-0063,100118,大淀化成工業㈱
2515,018PPﾌｯｸL=990,Q-0064,100118,大淀化成工業㈱
2516,021403ﾐﾂｵﾘﾏｯﾄﾚｽ,R-0001,170009,㈱東日本イノアック
2517,021BRｸｯｼｮﾝIB,R-0002,170013,㈱イノアックリビング
2518,021BRｸｯｼｮﾝWR,R-0003,170013,㈱イノアックリビング
2519,021ｼｷﾌﾄﾝ08,R-0004,170013,㈱イノアックリビング
2520,021ｽﾎﾟﾝｼﾞ,R-0005,170009,㈱東日本イノアック
2521,021ﾄｺｻﾞｲｽIB,R-0006,170013,㈱イノアックリビング
2522,021ﾄｺｻﾞｲｽSG,R-0007,170013,㈱イノアックリビング
2523,021ﾄｺｻﾞｲｽWR,R-0008,170013,㈱イノアックリビング
2524,008ELT001N-1010GS,S-0001,100083,㈱アスプルンド
2525,008ELT001N-11055GS,S-0002,100083,㈱アスプルンド
2526,008ELT001N-8080GS,S-0003,100083,㈱アスプルンド
2527,008SLT009-58RGC,S-0004,100105,宮吉硝子(株)
2528,008SLT009-58RQSBL,S-0005,0,0
2529,008SLT009-58RQSBR,S-0006,0,0
2530,008SLT009-58RQSWH,S-0007,0,0
2531,008SLT009-88RGC,S-0008,100105,宮吉硝子(株)
2532,008SLT009-88RQSBL,S-0009,0,0
2533,008SLT009-88RQSBR,S-0010,0,0
2534,008SLT009-88RQSWH,S-0011,0,0
2535,CH1071  S        F  NA,T-0001,190001,ＴＦＣＣ
2536,CH1071  SN 03SET    DB  SN/01,T-0002,190001,ＴＦＣＣ
2537,CH1071  SN 03SET    DB  SN/02,T-0003,190001,ＴＦＣＣ
2538,CH1071  SN 03SET    DB  SN/03,T-0004,190001,ＴＦＣＣ
2539,CH1072  S  20           SP/207,T-0005,190001,ＴＦＣＣ
2540,CH1072  S  20           SP/209,T-0006,190001,ＴＦＣＣ
2541,CH1072  S  20SET        SP/206,T-0007,190001,ＴＦＣＣ
2542,CH1072  S  20SET        SP/207,T-0008,190001,ＴＦＣＣ
2543,CH1072  S  20SET        SP/209,T-0009,190001,ＴＦＣＣ
2544,CH1072  S  31LSET       SP/206,T-0010,190001,ＴＦＣＣ
2545,CH1072  S  31LSET       SP/207,T-0011,190001,ＴＦＣＣ
2546,CH1072  S  31LSET       SP/209,T-0012,190001,ＴＦＣＣ
2547,CH1072  S  32L          SP/206,T-0013,190001,ＴＦＣＣ
2548,CH1072  S  32L          SP/209,T-0014,190001,ＴＦＣＣ
2549,CH1072  S  32LSET       SP/206,T-0015,190001,ＴＦＣＣ
2550,CH1072  S  32LSET       SP/207,T-0016,190001,ＴＦＣＣ
2551,CH1072  S  32LSET       SP/209,T-0017,190001,ＴＦＣＣ
2552,CH907   S  06           SP/126N,T-0018,190001,ＴＦＣＣ
2553,CHY038  S  10F          SN/03,T-0019,190001,ＴＦＣＣ
2554,CHY038  S  12F          SN/03,T-0020,190001,ＴＦＣＣ
2555,CHY038  S  14F          SN/03,T-0021,190001,ＴＦＣＣ
2556,CHY039  S  14F          SP/183,T-0022,190001,ＴＦＣＣ
2557,CHY040  S  10F          SP/197,T-0023,190001,ＴＦＣＣ
2558,CHY040  S  14F          SP/197,T-0024,190001,ＴＦＣＣ
